  -1.0159581e-01   0.0000000e+00
  -1.0159581e-01   0.0000000e+00
  -1.0159581e-01   0.0000000e+00
  -1.0159581e-01   1.7082389e-03
  -1.0159581e-01  -2.1741160e-02
  -1.0159581e-01  -6.1283740e-02
  -1.0159581e-01  -9.8056688e-02
  -1.0159581e-01  -1.3152417e-01
  -1.0159581e-01  -1.5694909e-01
  -1.0159581e-01  -2.0052479e-01
  -1.0159581e-01  -2.4207303e-01
  -1.0159581e-01  -2.7147189e-01
  -1.0159581e-01  -2.9208477e-01
  -1.0159581e-01  -3.2223799e-01
  -1.0159581e-01  -3.4199736e-01
  -1.0159581e-01  -3.4947762e-01
  -1.0159581e-01  -3.7665186e-01
  -1.0159581e-01  -3.7693493e-01
  -1.0159581e-01  -3.9083783e-01
  -1.0159581e-01  -3.8908354e-01
  -1.0159581e-01  -3.9511217e-01
  -1.0159581e-01  -4.0278416e-01
  -1.0159581e-01  -4.0783220e-01
  -1.0159581e-01  -4.2143988e-01
  -1.0159581e-01  -4.1603218e-01
  -1.0159581e-01  -4.2871503e-01
  -1.0159581e-01  -4.2406660e-01
  -1.0159581e-01  -4.3340576e-01
  -1.0159581e-01  -4.3141520e-01
  -1.0159581e-01  -4.4423205e-01
  -1.0159581e-01  -4.3987378e-01
  -1.0159581e-01  -4.1889052e-01
  -1.0159581e-01  -4.4184777e-01
  -1.0159581e-01  -4.2861769e-01
  -1.0159581e-01  -4.3033752e-01
  -1.0159581e-01  -4.2853556e-01
  -1.0159581e-01  -4.3633077e-01
  -1.0159581e-01  -4.3295388e-01
  -1.0159581e-01  -4.4906640e-01
  -1.0159581e-01  -4.4908034e-01
  -1.0159581e-01  -4.4543687e-01
  -1.0159581e-01  -4.4697239e-01
  -1.0159581e-01  -4.4862510e-01
  -1.0159581e-01  -4.4783136e-01
  -1.0159581e-01  -4.3517898e-01
  -1.0159581e-01  -4.4619786e-01
  -1.0159581e-01  -4.2331432e-01
  -1.0159581e-01  -4.3146590e-01
  -1.0159581e-01  -4.3571388e-01
  -1.0159581e-01  -4.3075380e-01
  -4.1629565e-01  -4.4407289e-01
  -4.1629565e-01  -4.2420432e-01
  -4.1629565e-01  -4.2684389e-01
  -4.1629565e-01  -4.6286021e-01
  -4.1629565e-01  -5.5059828e-01
  -4.1629565e-01  -6.4967518e-01
  -4.1629565e-01  -7.7998384e-01
  -4.1629565e-01  -9.1844965e-01
  -4.1629565e-01  -1.0485334e+00
  -4.1629565e-01  -1.1912909e+00
  -4.1629565e-01  -1.3266602e+00
  -4.1629565e-01  -1.4389565e+00
  -4.1629565e-01  -1.5567342e+00
  -4.1629565e-01  -1.6525683e+00
  -4.1629565e-01  -1.7209472e+00
  -4.1629565e-01  -1.7927336e+00
  -4.1629565e-01  -1.8506349e+00
  -4.1629565e-01  -1.9086653e+00
  -4.1629565e-01  -1.9641542e+00
  -4.1629565e-01  -2.0168938e+00
  -4.1629565e-01  -2.0378454e+00
  -4.1629565e-01  -2.0522643e+00
  -4.1629565e-01  -2.0795144e+00
  -4.1629565e-01  -2.1077738e+00
  -4.1629565e-01  -2.1246007e+00
  -4.1629565e-01  -2.1449235e+00
  -4.1629565e-01  -2.1570700e+00
  -4.1629565e-01  -2.1692003e+00
  -4.1629565e-01  -2.1520804e+00
  -4.1629565e-01  -2.1657802e+00
  -4.1629565e-01  -2.1857349e+00
  -4.1629565e-01  -2.1817647e+00
  -4.1629565e-01  -2.1961297e+00
  -4.1629565e-01  -2.1941270e+00
  -4.1629565e-01  -2.1807906e+00
  -4.1629565e-01  -2.1850690e+00
  -4.1629565e-01  -2.1917849e+00
  -4.1629565e-01  -2.1991835e+00
  -4.1629565e-01  -2.1889040e+00
  -4.1629565e-01  -2.1806329e+00
  -4.1629565e-01  -2.1969622e+00
  -4.1629565e-01  -2.2084987e+00
  -4.1629565e-01  -2.2093419e+00
  -4.1629565e-01  -2.2089737e+00
  -4.1629565e-01  -2.1829849e+00
  -4.1629565e-01  -2.1958124e+00
  -4.1629565e-01  -2.1871236e+00
  -4.1629565e-01  -2.2073203e+00
  -4.1629565e-01  -2.2047533e+00
  -4.1629565e-01  -2.1919209e+00
   4.1819052e-01  -2.1859086e+00
   4.1819052e-01  -2.2026333e+00
   4.1819052e-01  -2.2109778e+00
   4.1819052e-01  -1.9837171e+00
   4.1819052e-01  -1.5685672e+00
   4.1819052e-01  -1.0884101e+00
   4.1819052e-01  -6.9641071e-01
   4.1819052e-01  -3.5263508e-01
   4.1819052e-01  -9.7085905e-02
   4.1819052e-01   8.8597235e-02
   4.1819052e-01   2.1936206e-01
   4.1819052e-01   3.3707072e-01
   4.1819052e-01   4.0027684e-01
   4.1819052e-01   4.6727274e-01
   4.1819052e-01   5.1807669e-01
   4.1819052e-01   5.6885921e-01
   4.1819052e-01   5.7621305e-01
   4.1819052e-01   6.2095649e-01
   4.1819052e-01   6.3676459e-01
   4.1819052e-01   6.5652273e-01
   4.1819052e-01   6.5010828e-01
   4.1819052e-01   6.5465650e-01
   4.1819052e-01   6.6334978e-01
   4.1819052e-01   6.8714850e-01
   4.1819052e-01   6.9628940e-01
   4.1819052e-01   6.9238166e-01
   4.1819052e-01   6.8922085e-01
   4.1819052e-01   6.8607286e-01
   4.1819052e-01   7.0468925e-01
   4.1819052e-01   7.0765574e-01
   4.1819052e-01   6.8573556e-01
   4.1819052e-01   6.9066167e-01
   4.1819052e-01   7.1012735e-01
   4.1819052e-01   7.1143498e-01
   4.1819052e-01   6.9608961e-01
   4.1819052e-01   6.9557262e-01
   4.1819052e-01   7.0056346e-01
   4.1819052e-01   7.0418698e-01
   4.1819052e-01   6.9116915e-01
   4.1819052e-01   7.1365400e-01
   4.1819052e-01   7.0478891e-01
   4.1819052e-01   7.1215988e-01
   4.1819052e-01   6.9597022e-01
   4.1819052e-01   7.1811391e-01
   4.1819052e-01   7.1177599e-01
   4.1819052e-01   6.9961174e-01
   4.1819052e-01   7.1783515e-01
   4.1819052e-01   7.1044413e-01
   4.1819052e-01   7.1468611e-01
   4.1819052e-01   6.9086737e-01
  -2.1655210e-02   6.9119885e-01
  -2.1655210e-02   7.1183396e-01
  -2.1655210e-02   6.9871065e-01
  -2.1655210e-02   6.9403296e-01
  -2.1655210e-02   6.5540234e-01
  -2.1655210e-02   6.4064569e-01
  -2.1655210e-02   5.7882765e-01
  -2.1655210e-02   5.3568512e-01
  -2.1655210e-02   4.5719777e-01
  -2.1655210e-02   4.1276726e-01
  -2.1655210e-02   3.4478367e-01
  -2.1655210e-02   3.1649260e-01
  -2.1655210e-02   2.5396266e-01
  -2.1655210e-02   1.9749738e-01
  -2.1655210e-02   1.5714313e-01
  -2.1655210e-02   1.3503356e-01
  -2.1655210e-02   8.9634252e-02
  -2.1655210e-02   6.5581106e-02
  -2.1655210e-02   4.9708504e-02
  -2.1655210e-02   3.1556768e-02
  -2.1655210e-02   1.7181374e-02
  -2.1655210e-02   4.0191525e-03
  -2.1655210e-02  -1.5391889e-02
  -2.1655210e-02  -1.8027891e-02
  -2.1655210e-02  -4.0216214e-02
  -2.1655210e-02  -4.3601570e-02
  -2.1655210e-02  -3.3653576e-02
  -2.1655210e-02  -5.7779186e-02
  -2.1655210e-02  -5.9602045e-02
  -2.1655210e-02  -6.2254698e-02
  -2.1655210e-02  -5.7830787e-02
  -2.1655210e-02  -7.4393441e-02
  -2.1655210e-02  -7.5316047e-02
  -2.1655210e-02  -6.3866487e-02
  -2.1655210e-02  -7.4059406e-02
  -2.1655210e-02  -5.9553482e-02
  -2.1655210e-02  -5.6906069e-02
  -2.1655210e-02  -6.4093122e-02
  -2.1655210e-02  -6.1149404e-02
  -2.1655210e-02  -7.0718177e-02
  -2.1655210e-02  -8.1430702e-02
  -2.1655210e-02  -6.9942414e-02
  -2.1655210e-02  -7.2216001e-02
  -2.1655210e-02  -6.5670459e-02
  -2.1655210e-02  -7.9722095e-02
  -2.1655210e-02  -7.7054957e-02
  -2.1655210e-02  -5.9555676e-02
  -2.1655210e-02  -7.6161783e-02
  -2.1655210e-02  -7.1857625e-02
  -2.1655210e-02  -5.6150051e-02
  -7.8589391e-01  -7.6013407e-02
  -7.8589391e-01  -7.9962857e-02
  -7.8589391e-01  -6.3294997e-02
  -7.8589391e-01  -1.0944812e-01
  -7.8589391e-01  -2.1460720e-01
  -7.8589391e-01  -3.8381061e-01
  -7.8589391e-01  -5.5793999e-01
  -7.8589391e-01  -7.7872852e-01
  -7.8589391e-01  -9.9346549e-01
  -7.8589391e-01  -1.2066694e+00
  -7.8589391e-01  -1.4504441e+00
  -7.8589391e-01  -1.6591980e+00
  -7.8589391e-01  -1.8408666e+00
  -7.8589391e-01  -2.0275188e+00
  -7.8589391e-01  -2.2103528e+00
  -7.8589391e-01  -2.3523718e+00
  -7.8589391e-01  -2.4869243e+00
  -7.8589391e-01  -2.6061777e+00
  -7.8589391e-01  -2.6928061e+00
  -7.8589391e-01  -2.7973828e+00
  -7.8589391e-01  -2.8490300e+00
  -7.8589391e-01  -2.9328165e+00
  -7.8589391e-01  -2.9586338e+00
  -7.8589391e-01  -3.0066673e+00
  -7.8589391e-01  -3.0488460e+00
  -7.8589391e-01  -3.0714087e+00
  -7.8589391e-01  -3.1020768e+00
  -7.8589391e-01  -3.1126314e+00
  -7.8589391e-01  -3.1492762e+00
  -7.8589391e-01  -3.1511741e+00
  -7.8589391e-01  -3.1515994e+00
  -7.8589391e-01  -3.1592441e+00
  -7.8589391e-01  -3.1881327e+00
  -7.8589391e-01  -3.1934930e+00
  -7.8589391e-01  -3.1791136e+00
  -7.8589391e-01  -3.2001249e+00
  -7.8589391e-01  -3.2122781e+00
  -7.8589391e-01  -3.1954046e+00
  -7.8589391e-01  -3.2067702e+00
  -7.8589391e-01  -3.1990716e+00
  -7.8589391e-01  -3.2083996e+00
  -7.8589391e-01  -3.2089915e+00
  -7.8589391e-01  -3.2125438e+00
  -7.8589391e-01  -3.2172265e+00
  -7.8589391e-01  -3.1996329e+00
  -7.8589391e-01  -3.2071749e+00
  -7.8589391e-01  -3.2040521e+00
  -7.8589391e-01  -3.2012370e+00
  -7.8589391e-01  -3.2209246e+00
  -7.8589391e-01  -3.2010987e+00
  -7.9258618e-01  -3.2030306e+00
  -7.9258618e-01  -3.2139026e+00
  -7.9258618e-01  -3.2121925e+00
  -7.9258618e-01  -3.2261208e+00
  -7.9258618e-01  -3.2073264e+00
  -7.9258618e-01  -3.2257476e+00
  -7.9258618e-01  -3.2157235e+00
  -7.9258618e-01  -3.2287221e+00
  -7.9258618e-01  -3.2310543e+00
  -7.9258618e-01  -3.2156308e+00
  -7.9258618e-01  -3.2197523e+00
  -7.9258618e-01  -3.2147580e+00
  -7.9258618e-01  -3.2117213e+00
  -7.9258618e-01  -3.2063474e+00
  -7.9258618e-01  -3.2336300e+00
  -7.9258618e-01  -3.2174904e+00
  -7.9258618e-01  -3.2193485e+00
  -7.9258618e-01  -3.2173321e+00
  -7.9258618e-01  -3.2207177e+00
  -7.9258618e-01  -3.2204269e+00
  -7.9258618e-01  -3.2112032e+00
  -7.9258618e-01  -3.2237924e+00
  -7.9258618e-01  -3.2213804e+00
  -7.9258618e-01  -3.2167643e+00
  -7.9258618e-01  -3.2348609e+00
  -7.9258618e-01  -3.2246312e+00
  -7.9258618e-01  -3.2345606e+00
  -7.9258618e-01  -3.2335197e+00
  -7.9258618e-01  -3.2376144e+00
  -7.9258618e-01  -3.2314068e+00
  -7.9258618e-01  -3.2312152e+00
  -7.9258618e-01  -3.2222404e+00
  -7.9258618e-01  -3.2206325e+00
  -7.9258618e-01  -3.2130290e+00
  -7.9258618e-01  -3.2231539e+00
  -7.9258618e-01  -3.2110176e+00
  -7.9258618e-01  -3.2259144e+00
  -7.9258618e-01  -3.2154320e+00
  -7.9258618e-01  -3.2211910e+00
  -7.9258618e-01  -3.2190617e+00
  -7.9258618e-01  -3.2296669e+00
  -7.9258618e-01  -3.2096527e+00
  -7.9258618e-01  -3.2146924e+00
  -7.9258618e-01  -3.2334154e+00
  -7.9258618e-01  -3.2216613e+00
  -7.9258618e-01  -3.2079115e+00
  -7.9258618e-01  -3.2363141e+00
  -7.9258618e-01  -3.2287018e+00
  -7.9258618e-01  -3.2155624e+00
  -7.9258618e-01  -3.2366064e+00
   7.4882938e-01  -3.2153874e+00
   7.4882938e-01  -3.2205851e+00
   7.4882938e-01  -3.2158368e+00
   7.4882938e-01  -2.8938595e+00
   7.4882938e-01  -2.2031138e+00
   7.4882938e-01  -1.5170254e+00
   7.4882938e-01  -9.2125901e-01
   7.4882938e-01  -4.8844660e-01
   7.4882938e-01  -1.4566568e-01
   7.4882938e-01   8.6302089e-02
   7.4882938e-01   2.7318096e-01
   7.4882938e-01   3.9543205e-01
   7.4882938e-01   4.6181320e-01
   7.4882938e-01   5.2631121e-01
   7.4882938e-01   5.7947357e-01
   7.4882938e-01   6.2038122e-01
   7.4882938e-01   6.6627026e-01
   7.4882938e-01   6.8408486e-01
   7.4882938e-01   7.0210302e-01
   7.4882938e-01   7.1446577e-01
   7.4882938e-01   7.1225660e-01
   7.4882938e-01   7.3305614e-01
   7.4882938e-01   7.5866741e-01
   7.4882938e-01   7.5929244e-01
   7.4882938e-01   7.5671217e-01
   7.4882938e-01   7.4934842e-01
   7.4882938e-01   7.7426127e-01
   7.4882938e-01   7.6197060e-01
   7.4882938e-01   7.6994444e-01
   7.4882938e-01   7.5918636e-01
   7.4882938e-01   7.6434663e-01
   7.4882938e-01   7.6600668e-01
   7.4882938e-01   7.6844362e-01
   7.4882938e-01   7.5803929e-01
   7.4882938e-01   7.7781376e-01
   7.4882938e-01   7.6361944e-01
   7.4882938e-01   7.7704141e-01
   7.4882938e-01   7.7787582e-01
   7.4882938e-01   7.8050882e-01
   7.4882938e-01   7.6856155e-01
   7.4882938e-01   7.6875448e-01
   7.4882938e-01   7.8281491e-01
   7.4882938e-01   7.7192309e-01
   7.4882938e-01   7.6495454e-01
   7.4882938e-01   7.8762397e-01
   7.4882938e-01   7.6092843e-01
   7.4882938e-01   7.8718773e-01
   7.4882938e-01   7.6940779e-01
   7.4882938e-01   7.7213323e-01
   7.4882938e-01   7.9006207e-01
   5.8551424e-01   7.7383593e-01
   5.8551424e-01   7.8223319e-01
   5.8551424e-01   7.7314548e-01
   5.8551424e-01   7.8763759e-01
   5.8551424e-01   7.8050221e-01
   5.8551424e-01   7.7162970e-01
   5.8551424e-01   7.5787460e-01
   5.8551424e-01   7.6439545e-01
   5.8551424e-01   7.6643381e-01
   5.8551424e-01   7.5860185e-01
   5.8551424e-01   7.6466008e-01
   5.8551424e-01   7.5361607e-01
   5.8551424e-01   7.6102808e-01
   5.8551424e-01   7.6106499e-01
   5.8551424e-01   7.6459300e-01
   5.8551424e-01   7.6604581e-01
   5.8551424e-01   7.6498645e-01
   5.8551424e-01   7.5530820e-01
   5.8551424e-01   7.5584239e-01
   5.8551424e-01   7.6801763e-01
   5.8551424e-01   7.5240348e-01
   5.8551424e-01   7.6341782e-01
   5.8551424e-01   7.7089740e-01
   5.8551424e-01   7.6865292e-01
   5.8551424e-01   7.5724801e-01
   5.8551424e-01   7.4981055e-01
   5.8551424e-01   7.5923285e-01
   5.8551424e-01   7.6101531e-01
   5.8551424e-01   7.5623158e-01
   5.8551424e-01   7.5061474e-01
   5.8551424e-01   7.5399028e-01
   5.8551424e-01   7.4274591e-01
   5.8551424e-01   7.4900167e-01
   5.8551424e-01   7.4458632e-01
   5.8551424e-01   7.6021432e-01
   5.8551424e-01   7.6898090e-01
   5.8551424e-01   7.4490778e-01
   5.8551424e-01   7.4102879e-01
   5.8551424e-01   7.6241186e-01
   5.8551424e-01   7.5078884e-01
   5.8551424e-01   7.5533696e-01
   5.8551424e-01   7.4198456e-01
   5.8551424e-01   7.4548208e-01
   5.8551424e-01   7.6101106e-01
   5.8551424e-01   7.5829952e-01
   5.8551424e-01   7.6574334e-01
   5.8551424e-01   7.6902691e-01
   5.8551424e-01   7.5092620e-01
   5.8551424e-01   7.5874400e-01
   5.8551424e-01   7.5356588e-01
   8.9706559e-01   7.5530266e-01
   8.9706559e-01   7.5187914e-01
   8.9706559e-01   7.6945538e-01
   8.9706559e-01   7.5970560e-01
   8.9706559e-01   7.4728943e-01
   8.9706559e-01   7.6656416e-01
   8.9706559e-01   7.7738238e-01
   8.9706559e-01   7.7798032e-01
   8.9706559e-01   7.7042006e-01
   8.9706559e-01   7.5642415e-01
   8.9706559e-01   7.8218779e-01
   8.9706559e-01   7.8775415e-01
   8.9706559e-01   7.8334704e-01
   8.9706559e-01   7.7550496e-01
   8.9706559e-01   7.7517009e-01
   8.9706559e-01   7.8701781e-01
   8.9706559e-01   7.6870001e-01
   8.9706559e-01   7.8966182e-01
   8.9706559e-01   7.8163256e-01
   8.9706559e-01   7.6922734e-01
   8.9706559e-01   7.9219310e-01
   8.9706559e-01   7.7956612e-01
   8.9706559e-01   7.7127689e-01
   8.9706559e-01   7.7350190e-01
   8.9706559e-01   7.9424751e-01
   8.9706559e-01   7.7379235e-01
   8.9706559e-01   7.9225751e-01
   8.9706559e-01   7.9295215e-01
   8.9706559e-01   7.7150537e-01
   8.9706559e-01   7.8203814e-01
   8.9706559e-01   7.9264612e-01
   8.9706559e-01   7.8377819e-01
   8.9706559e-01   7.9509379e-01
   8.9706559e-01   7.8053528e-01
   8.9706559e-01   7.8801795e-01
   8.9706559e-01   7.7559454e-01
   8.9706559e-01   7.9447335e-01
   8.9706559e-01   7.9440010e-01
   8.9706559e-01   7.8620566e-01
   8.9706559e-01   7.7893250e-01
   8.9706559e-01   7.7967445e-01
   8.9706559e-01   7.8709407e-01
   8.9706559e-01   7.7311093e-01
   8.9706559e-01   7.8457700e-01
   8.9706559e-01   7.7812901e-01
   8.9706559e-01   7.7951636e-01
   8.9706559e-01   7.7892646e-01
   8.9706559e-01   7.9430928e-01
   8.9706559e-01   7.7453971e-01
   8.9706559e-01   7.7636937e-01
   1.1838031e-01   7.7421122e-01
   1.1838031e-01   7.6973084e-01
   1.1838031e-01   7.8204665e-01
   1.1838031e-01   7.8781973e-01
   1.1838031e-01   7.7269769e-01
   1.1838031e-01   7.3670606e-01
   1.1838031e-01   7.0686900e-01
   1.1838031e-01   6.8988112e-01
   1.1838031e-01   6.4823931e-01
   1.1838031e-01   6.1754030e-01
   1.1838031e-01   5.9035071e-01
   1.1838031e-01   5.4483963e-01
   1.1838031e-01   5.4143260e-01
   1.1838031e-01   4.9577435e-01
   1.1838031e-01   4.8748032e-01
   1.1838031e-01   4.8074301e-01
   1.1838031e-01   4.5329069e-01
   1.1838031e-01   4.3319273e-01
   1.1838031e-01   4.3283837e-01
   1.1838031e-01   4.2797394e-01
   1.1838031e-01   4.1090405e-01
   1.1838031e-01   3.8692671e-01
   1.1838031e-01   4.0561453e-01
   1.1838031e-01   3.7478376e-01
   1.1838031e-01   3.9042708e-01
   1.1838031e-01   3.9362504e-01
   1.1838031e-01   3.6848447e-01
   1.1838031e-01   3.7723931e-01
   1.1838031e-01   3.8059205e-01
   1.1838031e-01   3.6309461e-01
   1.1838031e-01   3.6385808e-01
   1.1838031e-01   3.5740709e-01
   1.1838031e-01   3.5928192e-01
   1.1838031e-01   3.5731860e-01
   1.1838031e-01   3.6188675e-01
   1.1838031e-01   3.7518694e-01
   1.1838031e-01   3.7307180e-01
   1.1838031e-01   3.7480422e-01
   1.1838031e-01   3.7144122e-01
   1.1838031e-01   3.7525297e-01
   1.1838031e-01   3.5570988e-01
   1.1838031e-01   3.6771918e-01
   1.1838031e-01   3.5160946e-01
   1.1838031e-01   3.6561390e-01
   1.1838031e-01   3.7608318e-01
   1.1838031e-01   3.6488103e-01
   1.1838031e-01   3.5952409e-01
   1.1838031e-01   3.5885036e-01
   1.1838031e-01   3.6237945e-01
   1.1838031e-01   3.7795717e-01
   9.4024758e-01   3.7974620e-01
   9.4024758e-01   3.7294821e-01
   9.4024758e-01   3.8010515e-01
   9.4024758e-01   3.9198323e-01
   9.4024758e-01   4.1976383e-01
   9.4024758e-01   4.7442725e-01
   9.4024758e-01   5.3242631e-01
   9.4024758e-01   5.7650370e-01
   9.4024758e-01   6.1384374e-01
   9.4024758e-01   6.4022382e-01
   9.4024758e-01   6.5639461e-01
   9.4024758e-01   7.0262799e-01
   9.4024758e-01   6.9819655e-01
   9.4024758e-01   7.3545136e-01
   9.4024758e-01   7.2169381e-01
   9.4024758e-01   7.5690507e-01
   9.4024758e-01   7.4663244e-01
   9.4024758e-01   7.6609195e-01
   9.4024758e-01   7.4722645e-01
   9.4024758e-01   7.6464750e-01
   9.4024758e-01   7.6227729e-01
   9.4024758e-01   7.7852081e-01
   9.4024758e-01   7.7993234e-01
   9.4024758e-01   7.7583048e-01
   9.4024758e-01   7.8475534e-01
   9.4024758e-01   7.9420230e-01
   9.4024758e-01   7.6871636e-01
   9.4024758e-01   7.8367209e-01
   9.4024758e-01   7.8778640e-01
   9.4024758e-01   7.8709103e-01
   9.4024758e-01   7.7644326e-01
   9.4024758e-01   7.9521884e-01
   9.4024758e-01   7.7665960e-01
   9.4024758e-01   7.9490764e-01
   9.4024758e-01   7.8389798e-01
   9.4024758e-01   7.7424701e-01
   9.4024758e-01   7.9482409e-01
   9.4024758e-01   7.7256528e-01
   9.4024758e-01   7.9416751e-01
   9.4024758e-01   7.8839849e-01
   9.4024758e-01   7.9676370e-01
   9.4024758e-01   7.9461394e-01
   9.4024758e-01   7.8262108e-01
   9.4024758e-01   7.7465388e-01
   9.4024758e-01   7.7861348e-01
   9.4024758e-01   7.7069167e-01
   9.4024758e-01   7.9027397e-01
   9.4024758e-01   7.7325351e-01
   9.4024758e-01   7.7608012e-01
   9.4024758e-01   7.7806168e-01
   8.6333551e-02   7.8290439e-01
   8.6333551e-02   7.9133263e-01
   8.6333551e-02   7.8406866e-01
   8.6333551e-02   7.7833083e-01
   8.6333551e-02   7.4717179e-01
   8.6333551e-02   7.2802435e-01
   8.6333551e-02   6.9237518e-01
   8.6333551e-02   6.7338052e-01
   8.6333551e-02   6.1516255e-01
   8.6333551e-02   5.9637539e-01
   8.6333551e-02   5.6301636e-01
   8.6333551e-02   5.2328064e-01
   8.6333551e-02   4.7800412e-01
   8.6333551e-02   4.5556567e-01
   8.6333551e-02   4.2952627e-01
   8.6333551e-02   4.0777764e-01
   8.6333551e-02   3.8786976e-01
   8.6333551e-02   3.9206564e-01
   8.6333551e-02   3.7196952e-01
   8.6333551e-02   3.6249313e-01
   8.6333551e-02   3.4662145e-01
   8.6333551e-02   3.2673582e-01
   8.6333551e-02   3.3714804e-01
   8.6333551e-02   3.1720943e-01
   8.6333551e-02   3.0306258e-01
   8.6333551e-02   3.1508564e-01
   8.6333551e-02   2.9741734e-01
   8.6333551e-02   3.1137492e-01
   8.6333551e-02   3.0647192e-01
   8.6333551e-02   2.9095609e-01
   8.6333551e-02   2.9438538e-01
   8.6333551e-02   3.0068755e-01
   8.6333551e-02   2.9815529e-01
   8.6333551e-02   2.9299177e-01
   8.6333551e-02   2.8286262e-01
   8.6333551e-02   2.8554931e-01
   8.6333551e-02   2.9615180e-01
   8.6333551e-02   2.8859947e-01
   8.6333551e-02   2.9608291e-01
   8.6333551e-02   2.9478943e-01
   8.6333551e-02   2.8470501e-01
   8.6333551e-02   2.7681948e-01
   8.6333551e-02   2.9411529e-01
   8.6333551e-02   2.8423233e-01
   8.6333551e-02   2.9040982e-01
   8.6333551e-02   2.7712557e-01
   8.6333551e-02   2.7768659e-01
   8.6333551e-02   2.8596398e-01
   8.6333551e-02   2.9328337e-01
   8.6333551e-02   2.7668761e-01
  -2.9828810e-01   2.9636569e-01
  -2.9828810e-01   2.9864749e-01
  -2.9828810e-01   2.9326420e-01
  -2.9828810e-01   2.6931892e-01
  -2.9828810e-01   1.8787268e-01
  -2.9828810e-01   8.9961488e-02
  -2.9828810e-01  -1.6499448e-02
  -2.9828810e-01  -1.4891292e-01
  -2.9828810e-01  -2.7362521e-01
  -2.9828810e-01  -3.9867567e-01
  -2.9828810e-01  -5.4601584e-01
  -2.9828810e-01  -6.5577883e-01
  -2.9828810e-01  -7.8641332e-01
  -2.9828810e-01  -9.0362934e-01
  -2.9828810e-01  -9.8682602e-01
  -2.9828810e-01  -1.0795035e+00
  -2.9828810e-01  -1.1585864e+00
  -2.9828810e-01  -1.2187459e+00
  -2.9828810e-01  -1.2609997e+00
  -2.9828810e-01  -1.3163591e+00
  -2.9828810e-01  -1.3709449e+00
  -2.9828810e-01  -1.3863525e+00
  -2.9828810e-01  -1.4375388e+00
  -2.9828810e-01  -1.4549697e+00
  -2.9828810e-01  -1.4761606e+00
  -2.9828810e-01  -1.4744921e+00
  -2.9828810e-01  -1.5177947e+00
  -2.9828810e-01  -1.5099282e+00
  -2.9828810e-01  -1.5236279e+00
  -2.9828810e-01  -1.5420327e+00
  -2.9828810e-01  -1.5339076e+00
  -2.9828810e-01  -1.5342302e+00
  -2.9828810e-01  -1.5398231e+00
  -2.9828810e-01  -1.5640933e+00
  -2.9828810e-01  -1.5455181e+00
  -2.9828810e-01  -1.5614155e+00
  -2.9828810e-01  -1.5482025e+00
  -2.9828810e-01  -1.5585484e+00
  -2.9828810e-01  -1.5743510e+00
  -2.9828810e-01  -1.5555034e+00
  -2.9828810e-01  -1.5618374e+00
  -2.9828810e-01  -1.5659396e+00
  -2.9828810e-01  -1.5609328e+00
  -2.9828810e-01  -1.5672704e+00
  -2.9828810e-01  -1.5798795e+00
  -2.9828810e-01  -1.5539385e+00
  -2.9828810e-01  -1.5729577e+00
  -2.9828810e-01  -1.5734345e+00
  -2.9828810e-01  -1.5805057e+00
  -2.9828810e-01  -1.5606252e+00
   4.4302543e-01  -1.5549859e+00
   4.4302543e-01  -1.5684813e+00
   4.4302543e-01  -1.5580283e+00
   4.4302543e-01  -1.4216807e+00
   4.4302543e-01  -1.0962480e+00
   4.4302543e-01  -7.4471478e-01
   4.4302543e-01  -4.2858762e-01
   4.4302543e-01  -1.6340597e-01
   4.4302543e-01   2.9924495e-02
   4.4302543e-01   1.7532313e-01
   4.4302543e-01   3.1053060e-01
   4.4302543e-01   3.8778100e-01
   4.4302543e-01   4.5821003e-01
   4.4302543e-01   5.0441471e-01
   4.4302543e-01   5.4102303e-01
   4.4302543e-01   5.9105752e-01
   4.4302543e-01   6.0927327e-01
   4.4302543e-01   6.4450665e-01
   4.4302543e-01   6.3302920e-01
   4.4302543e-01   6.6997796e-01
   4.4302543e-01   6.5606681e-01
   4.4302543e-01   6.6900256e-01
   4.4302543e-01   6.7095371e-01
   4.4302543e-01   6.9127977e-01
   4.4302543e-01   6.9104999e-01
   4.4302543e-01   6.9360659e-01
   4.4302543e-01   7.1623809e-01
   4.4302543e-01   7.0675630e-01
   4.4302543e-01   7.1917299e-01
   4.4302543e-01   7.1966021e-01
   4.4302543e-01   7.0449425e-01
   4.4302543e-01   7.1499022e-01
   4.4302543e-01   7.0211660e-01
   4.4302543e-01   7.0795126e-01
   4.4302543e-01   7.1812047e-01
   4.4302543e-01   7.1512511e-01
   4.4302543e-01   7.0100505e-01
   4.4302543e-01   7.0112498e-01
   4.4302543e-01   7.2217647e-01
   4.4302543e-01   7.2029578e-01
   4.4302543e-01   7.1889935e-01
   4.4302543e-01   7.0621259e-01
   4.4302543e-01   7.2322202e-01
   4.4302543e-01   7.1711356e-01
   4.4302543e-01   7.0429886e-01
   4.4302543e-01   7.0493630e-01
   4.4302543e-01   7.1862892e-01
   4.4302543e-01   7.2939706e-01
   4.4302543e-01   7.1766706e-01
   4.4302543e-01   7.0896944e-01
  -3.5250980e-01   7.2162168e-01
  -3.5250980e-01   7.0625480e-01
  -3.5250980e-01   7.1941566e-01
  -3.5250980e-01   6.9299328e-01
  -3.5250980e-01   6.2970108e-01
  -3.5250980e-01   5.6498089e-01
  -3.5250980e-01   4.5997735e-01
  -3.5250980e-01   3.4416902e-01
  -3.5250980e-01   1.9044266e-01
  -3.5250980e-01   1.5525881e-02
  -3.5250980e-01  -1.4632990e-01
  -3.5250980e-01  -3.3379933e-01
  -3.5250980e-01  -4.9530953e-01
  -3.5250980e-01  -6.6388313e-01
  -3.5250980e-01  -8.2027624e-01
  -3.5250980e-01  -9.7804636e-01
  -3.5250980e-01  -1.0917794e+00
  -3.5250980e-01  -1.2128033e+00
  -3.5250980e-01  -1.3083724e+00
  -3.5250980e-01  -1.4176217e+00
  -3.5250980e-01  -1.4729537e+00
  -3.5250980e-01  -1.5312906e+00
  -3.5250980e-01  -1.5972185e+00
  -3.5250980e-01  -1.6569489e+00
  -3.5250980e-01  -1.6723506e+00
  -3.5250980e-01  -1.7159185e+00
  -3.5250980e-01  -1.7513659e+00
  -3.5250980e-01  -1.7635391e+00
  -3.5250980e-01  -1.7750994e+00
  -3.5250980e-01  -1.8130569e+00
  -3.5250980e-01  -1.8122683e+00
  -3.5250980e-01  -1.8205943e+00
  -3.5250980e-01  -1.8204583e+00
  -3.5250980e-01  -1.8542284e+00
  -3.5250980e-01  -1.8460166e+00
  -3.5250980e-01  -1.8440812e+00
  -3.5250980e-01  -1.8502284e+00
  -3.5250980e-01  -1.8474269e+00
  -3.5250980e-01  -1.8562437e+00
  -3.5250980e-01  -1.8591760e+00
  -3.5250980e-01  -1.8616222e+00
  -3.5250980e-01  -1.8764499e+00
  -3.5250980e-01  -1.8569561e+00
  -3.5250980e-01  -1.8681092e+00
  -3.5250980e-01  -1.8837544e+00
  -3.5250980e-01  -1.8604446e+00
  -3.5250980e-01  -1.8649460e+00
  -3.5250980e-01  -1.8663254e+00
  -3.5250980e-01  -1.8848596e+00
  -3.5250980e-01  -1.8655478e+00
  -1.8172563e-01  -1.8768156e+00
  -1.8172563e-01  -1.8627221e+00
  -1.8172563e-01  -1.8826389e+00
  -1.8172563e-01  -1.8434765e+00
  -1.8172563e-01  -1.7716772e+00
  -1.8172563e-01  -1.6759139e+00
  -1.8172563e-01  -1.5644945e+00
  -1.8172563e-01  -1.4556288e+00
  -1.8172563e-01  -1.3752942e+00
  -1.8172563e-01  -1.3006594e+00
  -1.8172563e-01  -1.2137502e+00
  -1.8172563e-01  -1.1621513e+00
  -1.8172563e-01  -1.1058006e+00
  -1.8172563e-01  -1.0846460e+00
  -1.8172563e-01  -1.0534138e+00
  -1.8172563e-01  -1.0014084e+00
  -1.8172563e-01  -1.0041412e+00
  -1.8172563e-01  -9.6309556e-01
  -1.8172563e-01  -9.4178465e-01
  -1.8172563e-01  -9.3504659e-01
  -1.8172563e-01  -9.2810638e-01
  -1.8172563e-01  -9.2498640e-01
  -1.8172563e-01  -9.1953285e-01
  -1.8172563e-01  -9.2007707e-01
  -1.8172563e-01  -9.0552921e-01
  -1.8172563e-01  -8.9753325e-01
  -1.8172563e-01  -9.0164132e-01
  -1.8172563e-01  -8.7712722e-01
  -1.8172563e-01  -8.7388489e-01
  -1.8172563e-01  -8.9320665e-01
  -1.8172563e-01  -8.8228230e-01
  -1.8172563e-01  -8.7249201e-01
  -1.8172563e-01  -8.8038586e-01
  -1.8172563e-01  -8.8645650e-01
  -1.8172563e-01  -8.7091074e-01
  -1.8172563e-01  -8.7983001e-01
  -1.8172563e-01  -8.7662585e-01
  -1.8172563e-01  -8.7209591e-01
  -1.8172563e-01  -8.8582799e-01
  -1.8172563e-01  -8.7362201e-01
  -1.8172563e-01  -8.8599176e-01
  -1.8172563e-01  -8.7423361e-01
  -1.8172563e-01  -8.8596136e-01
  -1.8172563e-01  -8.6965138e-01
  -1.8172563e-01  -8.8301978e-01
  -1.8172563e-01  -8.6454549e-01
  -1.8172563e-01  -8.8809030e-01
  -1.8172563e-01  -8.7180745e-01
  -1.8172563e-01  -8.6754342e-01
  -1.8172563e-01  -8.6701840e-01
   9.5203624e-01  -8.7752543e-01
   9.5203624e-01  -8.7662085e-01
   9.5203624e-01  -8.8425529e-01
   9.5203624e-01  -7.5874274e-01
   9.5203624e-01  -5.2814829e-01
   9.5203624e-01  -2.7938569e-01
   9.5203624e-01  -5.0338342e-02
   9.5203624e-01   1.4951051e-01
   9.5203624e-01   2.8526180e-01
   9.5203624e-01   3.8363842e-01
   9.5203624e-01   4.6977340e-01
   9.5203624e-01   5.5497199e-01
   9.5203624e-01   5.9798065e-01
   9.5203624e-01   6.3771857e-01
   9.5203624e-01   6.6424294e-01
   9.5203624e-01   6.7564425e-01
   9.5203624e-01   7.1778143e-01
   9.5203624e-01   7.2000378e-01
   9.5203624e-01   7.3436269e-01
   9.5203624e-01   7.4318987e-01
   9.5203624e-01   7.4165744e-01
   9.5203624e-01   7.7274740e-01
   9.5203624e-01   7.7766093e-01
   9.5203624e-01   7.5325477e-01
   9.5203624e-01   7.5792042e-01
   9.5203624e-01   7.7057535e-01
   9.5203624e-01   7.9065145e-01
   9.5203624e-01   7.7745474e-01
   9.5203624e-01   7.9215384e-01
   9.5203624e-01   7.7592934e-01
   9.5203624e-01   7.8152365e-01
   9.5203624e-01   7.9233412e-01
   9.5203624e-01   7.8788828e-01
   9.5203624e-01   7.7786652e-01
   9.5203624e-01   7.8281164e-01
   9.5203624e-01   7.8819777e-01
   9.5203624e-01   7.8179758e-01
   9.5203624e-01   7.7596140e-01
   9.5203624e-01   7.7695551e-01
   9.5203624e-01   7.9259361e-01
   9.5203624e-01   7.7682257e-01
   9.5203624e-01   7.7618311e-01
   9.5203624e-01   7.7932559e-01
   9.5203624e-01   8.0045280e-01
   9.5203624e-01   8.0058452e-01
   9.5203624e-01   7.8528515e-01
   9.5203624e-01   7.7747115e-01
   9.5203624e-01   7.8426593e-01
   9.5203624e-01   7.9747875e-01
   9.5203624e-01   7.8840258e-01
  -1.1770818e-01   7.9804879e-01
  -1.1770818e-01   7.9745581e-01
  -1.1770818e-01   7.9548294e-01
  -1.1770818e-01   7.8506631e-01
  -1.1770818e-01   7.4143560e-01
  -1.1770818e-01   6.8272295e-01
  -1.1770818e-01   6.3914775e-01
  -1.1770818e-01   5.7239819e-01
  -1.1770818e-01   4.8073712e-01
  -1.1770818e-01   3.8086132e-01
  -1.1770818e-01   3.1128346e-01
  -1.1770818e-01   2.2147141e-01
  -1.1770818e-01   1.3464497e-01
  -1.1770818e-01   4.4787785e-02
  -1.1770818e-01  -2.2783179e-02
  -1.1770818e-01  -1.1277042e-01
  -1.1770818e-01  -1.6398019e-01
  -1.1770818e-01  -2.0560587e-01
  -1.1770818e-01  -2.5276121e-01
  -1.1770818e-01  -2.9929834e-01
  -1.1770818e-01  -3.4056122e-01
  -1.1770818e-01  -3.6894589e-01
  -1.1770818e-01  -4.0101499e-01
  -1.1770818e-01  -4.2712424e-01
  -1.1770818e-01  -4.2450673e-01
  -1.1770818e-01  -4.4852718e-01
  -1.1770818e-01  -4.6752192e-01
  -1.1770818e-01  -4.7859594e-01
  -1.1770818e-01  -4.9162665e-01
  -1.1770818e-01  -4.9817917e-01
  -1.1770818e-01  -4.8942070e-01
  -1.1770818e-01  -5.0557408e-01
  -1.1770818e-01  -5.0854041e-01
  -1.1770818e-01  -4.9588723e-01
  -1.1770818e-01  -5.2105795e-01
  -1.1770818e-01  -4.9754824e-01
  -1.1770818e-01  -5.1534305e-01
  -1.1770818e-01  -5.0442387e-01
  -1.1770818e-01  -5.0572270e-01
  -1.1770818e-01  -5.1094298e-01
  -1.1770818e-01  -5.3063710e-01
  -1.1770818e-01  -5.1323732e-01
  -1.1770818e-01  -5.2002081e-01
  -1.1770818e-01  -5.2454622e-01
  -1.1770818e-01  -5.1865504e-01
  -1.1770818e-01  -5.1458098e-01
  -1.1770818e-01  -5.2305795e-01
  -1.1770818e-01  -5.2269484e-01
  -1.1770818e-01  -5.2866095e-01
  -1.1770818e-01  -5.3026240e-01
   4.8149511e-01  -5.1668338e-01
   4.8149511e-01  -5.0621392e-01
   4.8149511e-01  -5.3258603e-01
   4.8149511e-01  -4.4534082e-01
   4.8149511e-01  -2.9244416e-01
   4.8149511e-01  -1.1264278e-01
   4.8149511e-01   3.7609279e-02
   4.8149511e-01   1.7451759e-01
   4.8149511e-01   2.8794514e-01
   4.8149511e-01   3.9403885e-01
   4.8149511e-01   4.6492153e-01
   4.8149511e-01   5.1928116e-01
   4.8149511e-01   5.4688880e-01
   4.8149511e-01   5.8432393e-01
   4.8149511e-01   6.0902675e-01
   4.8149511e-01   6.4268551e-01
   4.8149511e-01   6.4657233e-01
   4.8149511e-01   6.7580861e-01
   4.8149511e-01   6.8859163e-01
   4.8149511e-01   6.8993025e-01
   4.8149511e-01   6.8656402e-01
   4.8149511e-01   6.9521625e-01
   4.8149511e-01   7.0925008e-01
   4.8149511e-01   7.1827670e-01
   4.8149511e-01   7.0550242e-01
   4.8149511e-01   7.2158247e-01
   4.8149511e-01   7.3156763e-01
   4.8149511e-01   7.2805417e-01
   4.8149511e-01   7.3419457e-01
   4.8149511e-01   7.3749609e-01
   4.8149511e-01   7.1794225e-01
   4.8149511e-01   7.1674739e-01
   4.8149511e-01   7.3817863e-01
   4.8149511e-01   7.2338129e-01
   4.8149511e-01   7.1537183e-01
   4.8149511e-01   7.3119839e-01
   4.8149511e-01   7.2714427e-01
   4.8149511e-01   7.1879048e-01
   4.8149511e-01   7.4071236e-01
   4.8149511e-01   7.2778320e-01
   4.8149511e-01   7.4325664e-01
   4.8149511e-01   7.2206899e-01
   4.8149511e-01   7.1550774e-01
   4.8149511e-01   7.4102093e-01
   4.8149511e-01   7.2273858e-01
   4.8149511e-01   7.4161426e-01
   4.8149511e-01   7.2847859e-01
   4.8149511e-01   7.3477320e-01
   4.8149511e-01   7.1748684e-01
   4.8149511e-01   7.2195990e-01
   1.6979761e-01   7.3440620e-01
   1.6979761e-01   7.4262275e-01
   1.6979761e-01   7.3866658e-01
   1.6979761e-01   7.3595724e-01
   1.6979761e-01   7.1921460e-01
   1.6979761e-01   7.0774404e-01
   1.6979761e-01   6.6582676e-01
   1.6979761e-01   6.4139915e-01
   1.6979761e-01   6.2398323e-01
   1.6979761e-01   6.1395918e-01
   1.6979761e-01   5.8872490e-01
   1.6979761e-01   5.6127565e-01
   1.6979761e-01   5.4830343e-01
   1.6979761e-01   5.3910356e-01
   1.6979761e-01   5.2855388e-01
   1.6979761e-01   5.1745771e-01
   1.6979761e-01   5.1581863e-01
   1.6979761e-01   5.1077060e-01
   1.6979761e-01   5.0988416e-01
   1.6979761e-01   4.9039698e-01
   1.6979761e-01   5.0248826e-01
   1.6979761e-01   4.8188925e-01
   1.6979761e-01   4.7991297e-01
   1.6979761e-01   4.7694228e-01
   1.6979761e-01   4.8521565e-01
   1.6979761e-01   4.8255581e-01
   1.6979761e-01   4.7155999e-01
   1.6979761e-01   4.6790372e-01
   1.6979761e-01   4.5905520e-01
   1.6979761e-01   4.6333625e-01
   1.6979761e-01   4.5728075e-01
   1.6979761e-01   4.6441128e-01
   1.6979761e-01   4.5963719e-01
   1.6979761e-01   4.7293702e-01
   1.6979761e-01   4.7562849e-01
   1.6979761e-01   4.6763126e-01
   1.6979761e-01   4.6723495e-01
   1.6979761e-01   4.6291754e-01
   1.6979761e-01   4.8120866e-01
   1.6979761e-01   4.8211606e-01
   1.6979761e-01   4.7148619e-01
   1.6979761e-01   4.7752282e-01
   1.6979761e-01   4.6334013e-01
   1.6979761e-01   4.6965170e-01
   1.6979761e-01   4.6305307e-01
   1.6979761e-01   4.8040724e-01
   1.6979761e-01   4.7013890e-01
   1.6979761e-01   4.7870555e-01
   1.6979761e-01   4.7040268e-01
   1.6979761e-01   4.5438905e-01
   4.3294984e-01   4.6108191e-01
   4.3294984e-01   4.6961505e-01
   4.3294984e-01   4.7928095e-01
   4.3294984e-01   4.8048088e-01
   4.3294984e-01   4.9210664e-01
   4.3294984e-01   5.2670842e-01
   4.3294984e-01   5.5207551e-01
   4.3294984e-01   5.8680687e-01
   4.3294984e-01   5.9784975e-01
   4.3294984e-01   5.9900373e-01
   4.3294984e-01   6.4472593e-01
   4.3294984e-01   6.3329861e-01
   4.3294984e-01   6.5133949e-01
   4.3294984e-01   6.7910648e-01
   4.3294984e-01   6.7836485e-01
   4.3294984e-01   6.8532095e-01
   4.3294984e-01   6.8337348e-01
   4.3294984e-01   6.8692699e-01
   4.3294984e-01   6.8775821e-01
   4.3294984e-01   7.0459785e-01
   4.3294984e-01   6.9523855e-01
   4.3294984e-01   6.9013839e-01
   4.3294984e-01   6.9424188e-01
   4.3294984e-01   6.9388952e-01
   4.3294984e-01   7.1767365e-01
   4.3294984e-01   6.9974459e-01
   4.3294984e-01   6.9943406e-01
   4.3294984e-01   7.1280061e-01
   4.3294984e-01   7.0270550e-01
   4.3294984e-01   7.1823537e-01
   4.3294984e-01   7.1508603e-01
   4.3294984e-01   7.1245938e-01
   4.3294984e-01   7.0930972e-01
   4.3294984e-01   7.0651006e-01
   4.3294984e-01   7.0860820e-01
   4.3294984e-01   7.1672253e-01
   4.3294984e-01   6.9739240e-01
   4.3294984e-01   7.0265679e-01
   4.3294984e-01   7.1677301e-01
   4.3294984e-01   7.1711092e-01
   4.3294984e-01   7.1306243e-01
   4.3294984e-01   7.0378011e-01
   4.3294984e-01   7.0273288e-01
   4.3294984e-01   7.1199873e-01
   4.3294984e-01   7.0392773e-01
   4.3294984e-01   7.1821944e-01
   4.3294984e-01   7.1908176e-01
   4.3294984e-01   7.1764415e-01
   4.3294984e-01   7.1494709e-01
   4.3294984e-01   7.2288227e-01
  -3.8627584e-01   7.1266653e-01
  -3.8627584e-01   7.0455507e-01
  -3.8627584e-01   7.0323097e-01
  -3.8627584e-01   6.7880912e-01
  -3.8627584e-01   6.4060627e-01
  -3.8627584e-01   5.6249567e-01
  -3.8627584e-01   4.4837661e-01
  -3.8627584e-01   2.9975160e-01
  -3.8627584e-01   1.6115618e-01
  -3.8627584e-01  -9.8332530e-03
  -3.8627584e-01  -2.0362902e-01
  -3.8627584e-01  -3.8526721e-01
  -3.8627584e-01  -5.8474749e-01
  -3.8627584e-01  -7.4779405e-01
  -3.8627584e-01  -9.3328946e-01
  -3.8627584e-01  -1.0782344e+00
  -3.8627584e-01  -1.2044545e+00
  -3.8627584e-01  -1.3345850e+00
  -3.8627584e-01  -1.4518214e+00
  -3.8627584e-01  -1.5309249e+00
  -3.8627584e-01  -1.6215428e+00
  -3.8627584e-01  -1.6825142e+00
  -3.8627584e-01  -1.7551461e+00
  -3.8627584e-01  -1.8003184e+00
  -3.8627584e-01  -1.8427385e+00
  -3.8627584e-01  -1.8956492e+00
  -3.8627584e-01  -1.9223298e+00
  -3.8627584e-01  -1.9471572e+00
  -3.8627584e-01  -1.9648357e+00
  -3.8627584e-01  -1.9581709e+00
  -3.8627584e-01  -1.9814446e+00
  -3.8627584e-01  -1.9913535e+00
  -3.8627584e-01  -1.9947276e+00
  -3.8627584e-01  -2.0246365e+00
  -3.8627584e-01  -2.0138405e+00
  -3.8627584e-01  -2.0259570e+00
  -3.8627584e-01  -2.0345715e+00
  -3.8627584e-01  -2.0270860e+00
  -3.8627584e-01  -2.0283879e+00
  -3.8627584e-01  -2.0368527e+00
  -3.8627584e-01  -2.0360767e+00
  -3.8627584e-01  -2.0327177e+00
  -3.8627584e-01  -2.0487206e+00
  -3.8627584e-01  -2.0355618e+00
  -3.8627584e-01  -2.0471953e+00
  -3.8627584e-01  -2.0347932e+00
  -3.8627584e-01  -2.0412935e+00
  -3.8627584e-01  -2.0448595e+00
  -3.8627584e-01  -2.0343092e+00
  -3.8627584e-01  -2.0486921e+00
   1.1909256e-01  -2.0578425e+00
   1.1909256e-01  -2.0486748e+00
   1.1909256e-01  -2.0534690e+00
   1.1909256e-01  -1.9053826e+00
   1.1909256e-01  -1.6416993e+00
   1.1909256e-01  -1.2992044e+00
   1.1909256e-01  -9.9148195e-01
   1.1909256e-01  -7.3829065e-01
   1.1909256e-01  -5.0224622e-01
   1.1909256e-01  -3.2990320e-01
   1.1909256e-01  -1.9441719e-01
   1.1909256e-01  -6.8063290e-02
   1.1909256e-01  -5.5206208e-03
   1.1909256e-01   7.9961956e-02
   1.1909256e-01   1.2547189e-01
   1.1909256e-01   1.7620855e-01
   1.1909256e-01   2.0814008e-01
   1.1909256e-01   2.4655411e-01
   1.1909256e-01   2.7603711e-01
   1.1909256e-01   2.7057852e-01
   1.1909256e-01   2.9793734e-01
   1.1909256e-01   3.1811854e-01
   1.1909256e-01   3.1493277e-01
   1.1909256e-01   3.2466350e-01
   1.1909256e-01   3.4970558e-01
   1.1909256e-01   3.3023570e-01
   1.1909256e-01   3.4907026e-01
   1.1909256e-01   3.5620782e-01
   1.1909256e-01   3.5810852e-01
   1.1909256e-01   3.4268816e-01
   1.1909256e-01   3.7151094e-01
   1.1909256e-01   3.4511428e-01
   1.1909256e-01   3.4675340e-01
   1.1909256e-01   3.6357947e-01
   1.1909256e-01   3.5008899e-01
   1.1909256e-01   3.5821499e-01
   1.1909256e-01   3.7296898e-01
   1.1909256e-01   3.6650122e-01
   1.1909256e-01   3.6753782e-01
   1.1909256e-01   3.7797579e-01
   1.1909256e-01   3.5387740e-01
   1.1909256e-01   3.8061687e-01
   1.1909256e-01   3.7039753e-01
   1.1909256e-01   3.7193484e-01
   1.1909256e-01   3.5190589e-01
   1.1909256e-01   3.7766444e-01
   1.1909256e-01   3.6344080e-01
   1.1909256e-01   3.6362255e-01
   1.1909256e-01   3.7082593e-01
   1.1909256e-01   3.6370622e-01
   6.8626452e-01   3.8002601e-01
   6.8626452e-01   3.7935326e-01
   6.8626452e-01   3.6306737e-01
   6.8626452e-01   3.7606563e-01
   6.8626452e-01   4.2089988e-01
   6.8626452e-01   4.8563870e-01
   6.8626452e-01   5.1170182e-01
   6.8626452e-01   5.5979208e-01
   6.8626452e-01   5.8754140e-01
   6.8626452e-01   6.2698648e-01
   6.8626452e-01   6.6675550e-01
   6.8626452e-01   6.7137938e-01
   6.8626452e-01   6.7705664e-01
   6.8626452e-01   7.0937238e-01
   6.8626452e-01   7.2599658e-01
   6.8626452e-01   7.2233363e-01
   6.8626452e-01   7.2278534e-01
   6.8626452e-01   7.3688999e-01
   6.8626452e-01   7.5489209e-01
   6.8626452e-01   7.4959156e-01
   6.8626452e-01   7.3959765e-01
   6.8626452e-01   7.6281041e-01
   6.8626452e-01   7.5216501e-01
   6.8626452e-01   7.6259540e-01
   6.8626452e-01   7.6046815e-01
   6.8626452e-01   7.5487932e-01
   6.8626452e-01   7.6189509e-01
   6.8626452e-01   7.5894277e-01
   6.8626452e-01   7.6778444e-01
   6.8626452e-01   7.5671151e-01
   6.8626452e-01   7.8262834e-01
   6.8626452e-01   7.7796135e-01
   6.8626452e-01   7.7526994e-01
   6.8626452e-01   7.6120696e-01
   6.8626452e-01   7.8249260e-01
   6.8626452e-01   7.8327723e-01
   6.8626452e-01   7.5774736e-01
   6.8626452e-01   7.6189949e-01
   6.8626452e-01   7.5841962e-01
   6.8626452e-01   7.6333840e-01
   6.8626452e-01   7.7832252e-01
   6.8626452e-01   7.8415804e-01
   6.8626452e-01   7.7062072e-01
   6.8626452e-01   7.6736480e-01
   6.8626452e-01   7.7703954e-01
   6.8626452e-01   7.8065050e-01
   6.8626452e-01   7.7012373e-01
   6.8626452e-01   7.6950595e-01
   6.8626452e-01   7.6696158e-01
   6.8626452e-01   7.6803683e-01
  -8.9298036e-02   7.6797794e-01
  -8.9298036e-02   7.5831940e-01
  -8.9298036e-02   7.8288886e-01
  -8.9298036e-02   7.5827651e-01
  -8.9298036e-02   7.3192455e-01
  -8.9298036e-02   6.7873480e-01
  -8.9298036e-02   6.3035869e-01
  -8.9298036e-02   5.4596459e-01
  -8.9298036e-02   4.9014150e-01
  -8.9298036e-02   4.1490880e-01
  -8.9298036e-02   3.1015487e-01
  -8.9298036e-02   2.4062344e-01
  -8.9298036e-02   1.5322380e-01
  -8.9298036e-02   1.0454030e-01
  -8.9298036e-02   3.2043137e-02
  -8.9298036e-02  -4.1240264e-02
  -8.9298036e-02  -6.7062496e-02
  -8.9298036e-02  -1.1219104e-01
  -8.9298036e-02  -1.7114434e-01
  -8.9298036e-02  -1.9143647e-01
  -8.9298036e-02  -2.4052866e-01
  -8.9298036e-02  -2.4778105e-01
  -8.9298036e-02  -2.7879155e-01
  -8.9298036e-02  -3.0494923e-01
  -8.9298036e-02  -3.1115046e-01
  -8.9298036e-02  -3.1633947e-01
  -8.9298036e-02  -3.4153012e-01
  -8.9298036e-02  -3.2457593e-01
  -8.9298036e-02  -3.4535717e-01
  -8.9298036e-02  -3.4826573e-01
  -8.9298036e-02  -3.3933374e-01
  -8.9298036e-02  -3.4436023e-01
  -8.9298036e-02  -3.5388292e-01
  -8.9298036e-02  -3.5629604e-01
  -8.9298036e-02  -3.5512305e-01
  -8.9298036e-02  -3.6299339e-01
  -8.9298036e-02  -3.6528715e-01
  -8.9298036e-02  -3.5861852e-01
  -8.9298036e-02  -3.8187360e-01
  -8.9298036e-02  -3.5705073e-01
  -8.9298036e-02  -3.7959227e-01
  -8.9298036e-02  -3.8068495e-01
  -8.9298036e-02  -3.6942280e-01
  -8.9298036e-02  -3.7179325e-01
  -8.9298036e-02  -3.7241137e-01
  -8.9298036e-02  -3.6290437e-01
  -8.9298036e-02  -3.8907238e-01
  -8.9298036e-02  -3.8484862e-01
  -8.9298036e-02  -3.8372492e-01
  -8.9298036e-02  -3.7307311e-01
  -5.6062953e-01  -3.7892100e-01
  -5.6062953e-01  -3.7040385e-01
  -5.6062953e-01  -3.7731045e-01
  -5.6062953e-01  -4.2855071e-01
  -5.6062953e-01  -5.0362889e-01
  -5.6062953e-01  -6.4842791e-01
  -5.6062953e-01  -8.1246032e-01
  -5.6062953e-01  -9.9056355e-01
  -5.6062953e-01  -1.1531973e+00
  -5.6062953e-01  -1.3393518e+00
  -5.6062953e-01  -1.5273127e+00
  -5.6062953e-01  -1.6799629e+00
  -5.6062953e-01  -1.8106604e+00
  -5.6062953e-01  -1.9668530e+00
  -5.6062953e-01  -2.0900968e+00
  -5.6062953e-01  -2.1963976e+00
  -5.6062953e-01  -2.2873933e+00
  -5.6062953e-01  -2.3666585e+00
  -5.6062953e-01  -2.4207382e+00
  -5.6062953e-01  -2.4644009e+00
  -5.6062953e-01  -2.5111111e+00
  -5.6062953e-01  -2.5526491e+00
  -5.6062953e-01  -2.6020809e+00
  -5.6062953e-01  -2.6210745e+00
  -5.6062953e-01  -2.6632666e+00
  -5.6062953e-01  -2.6613441e+00
  -5.6062953e-01  -2.6922798e+00
  -5.6062953e-01  -2.6941317e+00
  -5.6062953e-01  -2.7161351e+00
  -5.6062953e-01  -2.7192030e+00
  -5.6062953e-01  -2.7274767e+00
  -5.6062953e-01  -2.7291090e+00
  -5.6062953e-01  -2.7426649e+00
  -5.6062953e-01  -2.7509913e+00
  -5.6062953e-01  -2.7430880e+00
  -5.6062953e-01  -2.7396845e+00
  -5.6062953e-01  -2.7535831e+00
  -5.6062953e-01  -2.7381881e+00
  -5.6062953e-01  -2.7552031e+00
  -5.6062953e-01  -2.7581185e+00
  -5.6062953e-01  -2.7591587e+00
  -5.6062953e-01  -2.7428025e+00
  -5.6062953e-01  -2.7635062e+00
  -5.6062953e-01  -2.7542892e+00
  -5.6062953e-01  -2.7575161e+00
  -5.6062953e-01  -2.7443150e+00
  -5.6062953e-01  -2.7727439e+00
  -5.6062953e-01  -2.7449429e+00
  -5.6062953e-01  -2.7640478e+00
  -5.6062953e-01  -2.7506021e+00
   3.8727294e-01  -2.7688292e+00
   3.8727294e-01  -2.7535940e+00
   3.8727294e-01  -2.7651257e+00
   3.8727294e-01  -2.5194030e+00
   3.8727294e-01  -1.9908301e+00
   3.8727294e-01  -1.4248630e+00
   3.8727294e-01  -9.1095970e-01
   3.8727294e-01  -5.3510738e-01
   3.8727294e-01  -2.4385461e-01
   3.8727294e-01  -8.4741287e-03
   3.8727294e-01   1.4713552e-01
   3.8727294e-01   2.7357655e-01
   3.8727294e-01   3.5399244e-01
   3.8727294e-01   4.2134605e-01
   3.8727294e-01   4.7351785e-01
   3.8727294e-01   5.2103098e-01
   3.8727294e-01   5.5565080e-01
   3.8727294e-01   5.8823780e-01
   3.8727294e-01   6.0095466e-01
   3.8727294e-01   6.1699027e-01
   3.8727294e-01   6.2443928e-01
   3.8727294e-01   6.4075657e-01
   3.8727294e-01   6.5391142e-01
   3.8727294e-01   6.4829008e-01
   3.8727294e-01   6.7240551e-01
   3.8727294e-01   6.8172471e-01
   3.8727294e-01   6.7497600e-01
   3.8727294e-01   6.7017793e-01
   3.8727294e-01   6.9248042e-01
   3.8727294e-01   6.6904693e-01
   3.8727294e-01   6.7270044e-01
   3.8727294e-01   6.9137337e-01
   3.8727294e-01   6.9368158e-01
   3.8727294e-01   6.8149857e-01
   3.8727294e-01   6.7386697e-01
   3.8727294e-01   6.9078166e-01
   3.8727294e-01   6.8241412e-01
   3.8727294e-01   6.9808416e-01
   3.8727294e-01   6.7477336e-01
   3.8727294e-01   6.8915873e-01
   3.8727294e-01   6.7836909e-01
   3.8727294e-01   7.0191356e-01
   3.8727294e-01   7.0285000e-01
   3.8727294e-01   6.9136353e-01
   3.8727294e-01   6.9468365e-01
   3.8727294e-01   7.0035533e-01
   3.8727294e-01   7.0111184e-01
   3.8727294e-01   6.7761051e-01
   3.8727294e-01   6.8409040e-01
   3.8727294e-01   6.9791409e-01
   5.5608423e-01   6.8242320e-01
   5.5608423e-01   6.8695557e-01
   5.5608423e-01   7.0372581e-01
   5.5608423e-01   6.9032715e-01
   5.5608423e-01   6.9770378e-01
   5.5608423e-01   6.9269120e-01
   5.5608423e-01   6.9620057e-01
   5.5608423e-01   7.2462481e-01
   5.5608423e-01   7.2579739e-01
   5.5608423e-01   7.1144062e-01
   5.5608423e-01   7.3956246e-01
   5.5608423e-01   7.4210452e-01
   5.5608423e-01   7.2817372e-01
   5.5608423e-01   7.4735022e-01
   5.5608423e-01   7.2719037e-01
   5.5608423e-01   7.3248719e-01
   5.5608423e-01   7.5300130e-01
   5.5608423e-01   7.4370486e-01
   5.5608423e-01   7.4134221e-01
   5.5608423e-01   7.3891428e-01
   5.5608423e-01   7.3716024e-01
   5.5608423e-01   7.3658064e-01
   5.5608423e-01   7.4531149e-01
   5.5608423e-01   7.4720063e-01
   5.5608423e-01   7.3511124e-01
   5.5608423e-01   7.5485194e-01
   5.5608423e-01   7.3577392e-01
   5.5608423e-01   7.3747937e-01
   5.5608423e-01   7.6011888e-01
   5.5608423e-01   7.4479655e-01
   5.5608423e-01   7.3755233e-01
   5.5608423e-01   7.4551902e-01
   5.5608423e-01   7.3891964e-01
   5.5608423e-01   7.3746666e-01
   5.5608423e-01   7.6341232e-01
   5.5608423e-01   7.3652007e-01
   5.5608423e-01   7.5632258e-01
   5.5608423e-01   7.4753869e-01
   5.5608423e-01   7.4094810e-01
   5.5608423e-01   7.6046771e-01
   5.5608423e-01   7.4971923e-01
   5.5608423e-01   7.3550531e-01
   5.5608423e-01   7.4558287e-01
   5.5608423e-01   7.5251786e-01
   5.5608423e-01   7.4687391e-01
   5.5608423e-01   7.4308171e-01
   5.5608423e-01   7.4397448e-01
   5.5608423e-01   7.4321776e-01
   5.5608423e-01   7.4840679e-01
   5.5608423e-01   7.6406321e-01
   2.2405748e-01   7.6175409e-01
   2.2405748e-01   7.5031930e-01
   2.2405748e-01   7.6079650e-01
   2.2405748e-01   7.3478436e-01
   2.2405748e-01   7.3855420e-01
   2.2405748e-01   7.3027886e-01
   2.2405748e-01   6.9804373e-01
   2.2405748e-01   6.9059217e-01
   2.2405748e-01   6.7307834e-01
   2.2405748e-01   6.4520034e-01
   2.2405748e-01   6.5665992e-01
   2.2405748e-01   6.2537805e-01
   2.2405748e-01   6.1947000e-01
   2.2405748e-01   5.9266689e-01
   2.2405748e-01   5.9843419e-01
   2.2405748e-01   5.8824045e-01
   2.2405748e-01   5.9449687e-01
   2.2405748e-01   5.6444020e-01
   2.2405748e-01   5.8400658e-01
   2.2405748e-01   5.5920565e-01
   2.2405748e-01   5.7528167e-01
   2.2405748e-01   5.7003121e-01
   2.2405748e-01   5.6280816e-01
   2.2405748e-01   5.5345794e-01
   2.2405748e-01   5.5469994e-01
   2.2405748e-01   5.5981450e-01
   2.2405748e-01   5.4985878e-01
   2.2405748e-01   5.3957747e-01
   2.2405748e-01   5.5804495e-01
   2.2405748e-01   5.5754962e-01
   2.2405748e-01   5.4425030e-01
   2.2405748e-01   5.4176410e-01
   2.2405748e-01   5.6190449e-01
   2.2405748e-01   5.4514758e-01
   2.2405748e-01   5.3659246e-01
   2.2405748e-01   5.6021219e-01
   2.2405748e-01   5.4115311e-01
   2.2405748e-01   5.4570947e-01
   2.2405748e-01   5.5076388e-01
   2.2405748e-01   5.4788649e-01
   2.2405748e-01   5.4022693e-01
   2.2405748e-01   5.4071571e-01
   2.2405748e-01   5.4868029e-01
   2.2405748e-01   5.3737419e-01
   2.2405748e-01   5.6048507e-01
   2.2405748e-01   5.4133099e-01
   2.2405748e-01   5.3789326e-01
   2.2405748e-01   5.3889633e-01
   2.2405748e-01   5.3926117e-01
   2.2405748e-01   5.6077006e-01
  -8.7276730e-01   5.4627739e-01
  -8.7276730e-01   5.5602069e-01
  -8.7276730e-01   5.5811072e-01
  -8.7276730e-01   5.0611760e-01
  -8.7276730e-01   4.4293094e-01
  -8.7276730e-01   3.2852130e-01
  -8.7276730e-01   1.5214103e-01
  -8.7276730e-01  -1.9787248e-02
  -8.7276730e-01  -2.5376857e-01
  -8.7276730e-01  -4.9807902e-01
  -8.7276730e-01  -7.4085058e-01
  -8.7276730e-01  -1.0268550e+00
  -8.7276730e-01  -1.2624466e+00
  -8.7276730e-01  -1.5304734e+00
  -8.7276730e-01  -1.7533570e+00
  -8.7276730e-01  -1.9810131e+00
  -8.7276730e-01  -2.1648002e+00
  -8.7276730e-01  -2.3390412e+00
  -8.7276730e-01  -2.4730421e+00
  -8.7276730e-01  -2.5967159e+00
  -8.7276730e-01  -2.7336811e+00
  -8.7276730e-01  -2.8317873e+00
  -8.7276730e-01  -2.8946328e+00
  -8.7276730e-01  -2.9532680e+00
  -8.7276730e-01  -3.0109001e+00
  -8.7276730e-01  -3.0616996e+00
  -8.7276730e-01  -3.1054945e+00
  -8.7276730e-01  -3.1430670e+00
  -8.7276730e-01  -3.1873803e+00
  -8.7276730e-01  -3.1825120e+00
  -8.7276730e-01  -3.2121490e+00
  -8.7276730e-01  -3.2306015e+00
  -8.7276730e-01  -3.2568023e+00
  -8.7276730e-01  -3.2626390e+00
  -8.7276730e-01  -3.2661591e+00
  -8.7276730e-01  -3.2546675e+00
  -8.7276730e-01  -3.2702003e+00
  -8.7276730e-01  -3.2730714e+00
  -8.7276730e-01  -3.2865940e+00
  -8.7276730e-01  -3.2790806e+00
  -8.7276730e-01  -3.2976410e+00
  -8.7276730e-01  -3.2975952e+00
  -8.7276730e-01  -3.2917103e+00
  -8.7276730e-01  -3.3040989e+00
  -8.7276730e-01  -3.2840582e+00
  -8.7276730e-01  -3.3039888e+00
  -8.7276730e-01  -3.2976924e+00
  -8.7276730e-01  -3.2848798e+00
  -8.7276730e-01  -3.3023999e+00
  -8.7276730e-01  -3.2966129e+00
  -9.5199084e-01  -3.2936039e+00
  -9.5199084e-01  -3.3014536e+00
  -9.5199084e-01  -3.3070177e+00
  -9.5199084e-01  -3.3007752e+00
  -9.5199084e-01  -3.2961046e+00
  -9.5199084e-01  -3.3124247e+00
  -9.5199084e-01  -3.3090886e+00
  -9.5199084e-01  -3.3270896e+00
  -9.5199084e-01  -3.3276284e+00
  -9.5199084e-01  -3.3153231e+00
  -9.5199084e-01  -3.3453510e+00
  -9.5199084e-01  -3.3232774e+00
  -9.5199084e-01  -3.3520289e+00
  -9.5199084e-01  -3.3317371e+00
  -9.5199084e-01  -3.3468861e+00
  -9.5199084e-01  -3.3389622e+00
  -9.5199084e-01  -3.3545816e+00
  -9.5199084e-01  -3.3574605e+00
  -9.5199084e-01  -3.3611498e+00
  -9.5199084e-01  -3.3644899e+00
  -9.5199084e-01  -3.3542474e+00
  -9.5199084e-01  -3.3648180e+00
  -9.5199084e-01  -3.3581041e+00
  -9.5199084e-01  -3.3407360e+00
  -9.5199084e-01  -3.3463229e+00
  -9.5199084e-01  -3.3550555e+00
  -9.5199084e-01  -3.3672139e+00
  -9.5199084e-01  -3.3665857e+00
  -9.5199084e-01  -3.3384302e+00
  -9.5199084e-01  -3.3551535e+00
  -9.5199084e-01  -3.3506438e+00
  -9.5199084e-01  -3.3463477e+00
  -9.5199084e-01  -3.3502198e+00
  -9.5199084e-01  -3.3461114e+00
  -9.5199084e-01  -3.3518949e+00
  -9.5199084e-01  -3.3539355e+00
  -9.5199084e-01  -3.3551876e+00
  -9.5199084e-01  -3.3421727e+00
  -9.5199084e-01  -3.3392946e+00
  -9.5199084e-01  -3.3573921e+00
  -9.5199084e-01  -3.3626764e+00
  -9.5199084e-01  -3.3410945e+00
  -9.5199084e-01  -3.3602739e+00
  -9.5199084e-01  -3.3473433e+00
  -9.5199084e-01  -3.3618282e+00
  -9.5199084e-01  -3.3510533e+00
  -9.5199084e-01  -3.3594091e+00
  -9.5199084e-01  -3.3676452e+00
  -9.5199084e-01  -3.3682805e+00
  -9.5199084e-01  -3.3598807e+00
  -3.4476735e-01  -3.3550318e+00
  -3.4476735e-01  -3.3557249e+00
  -3.4476735e-01  -3.3557066e+00
  -3.4476735e-01  -3.3017720e+00
  -3.4476735e-01  -3.1918843e+00
  -3.4476735e-01  -3.0253659e+00
  -3.4476735e-01  -2.8649099e+00
  -3.4476735e-01  -2.7251615e+00
  -3.4476735e-01  -2.5885263e+00
  -3.4476735e-01  -2.4788598e+00
  -3.4476735e-01  -2.3779198e+00
  -3.4476735e-01  -2.2829756e+00
  -3.4476735e-01  -2.2024885e+00
  -3.4476735e-01  -2.1491121e+00
  -3.4476735e-01  -2.0889987e+00
  -3.4476735e-01  -2.0416030e+00
  -3.4476735e-01  -2.0030517e+00
  -3.4476735e-01  -1.9668460e+00
  -3.4476735e-01  -1.9479647e+00
  -3.4476735e-01  -1.9376541e+00
  -3.4476735e-01  -1.9165146e+00
  -3.4476735e-01  -1.8984851e+00
  -3.4476735e-01  -1.8836027e+00
  -3.4476735e-01  -1.8776268e+00
  -3.4476735e-01  -1.8705346e+00
  -3.4476735e-01  -1.8484775e+00
  -3.4476735e-01  -1.8504133e+00
  -3.4476735e-01  -1.8382346e+00
  -3.4476735e-01  -1.8572492e+00
  -3.4476735e-01  -1.8393384e+00
  -3.4476735e-01  -1.8426686e+00
  -3.4476735e-01  -1.8453921e+00
  -3.4476735e-01  -1.8518076e+00
  -3.4476735e-01  -1.8253445e+00
  -3.4476735e-01  -1.8506968e+00
  -3.4476735e-01  -1.8252018e+00
  -3.4476735e-01  -1.8381495e+00
  -3.4476735e-01  -1.8230335e+00
  -3.4476735e-01  -1.8471200e+00
  -3.4476735e-01  -1.8463689e+00
  -3.4476735e-01  -1.8354075e+00
  -3.4476735e-01  -1.8286939e+00
  -3.4476735e-01  -1.8273362e+00
  -3.4476735e-01  -1.8380665e+00
  -3.4476735e-01  -1.8273988e+00
  -3.4476735e-01  -1.8342946e+00
  -3.4476735e-01  -1.8411814e+00
  -3.4476735e-01  -1.8424402e+00
  -3.4476735e-01  -1.8387953e+00
  -3.4476735e-01  -1.8193413e+00
  -8.0566822e-01  -1.8377005e+00
  -8.0566822e-01  -1.8294289e+00
  -8.0566822e-01  -1.8418616e+00
  -8.0566822e-01  -1.8485951e+00
  -8.0566822e-01  -1.9289923e+00
  -8.0566822e-01  -2.0540120e+00
  -8.0566822e-01  -2.1680301e+00
  -8.0566822e-01  -2.2670229e+00
  -8.0566822e-01  -2.4008988e+00
  -8.0566822e-01  -2.5165614e+00
  -8.0566822e-01  -2.6027398e+00
  -8.0566822e-01  -2.7074452e+00
  -8.0566822e-01  -2.7906884e+00
  -8.0566822e-01  -2.8448357e+00
  -8.0566822e-01  -2.8962493e+00
  -8.0566822e-01  -2.9726226e+00
  -8.0566822e-01  -2.9977579e+00
  -8.0566822e-01  -3.0427576e+00
  -8.0566822e-01  -3.0680061e+00
  -8.0566822e-01  -3.1110578e+00
  -8.0566822e-01  -3.1331948e+00
  -8.0566822e-01  -3.1454341e+00
  -8.0566822e-01  -3.1715810e+00
  -8.0566822e-01  -3.1821914e+00
  -8.0566822e-01  -3.1983774e+00
  -8.0566822e-01  -3.1857228e+00
  -8.0566822e-01  -3.2042216e+00
  -8.0566822e-01  -3.2201999e+00
  -8.0566822e-01  -3.2021957e+00
  -8.0566822e-01  -3.2271118e+00
  -8.0566822e-01  -3.2357035e+00
  -8.0566822e-01  -3.2250895e+00
  -8.0566822e-01  -3.2225551e+00
  -8.0566822e-01  -3.2276345e+00
  -8.0566822e-01  -3.2255348e+00
  -8.0566822e-01  -3.2342005e+00
  -8.0566822e-01  -3.2228896e+00
  -8.0566822e-01  -3.2302859e+00
  -8.0566822e-01  -3.2433207e+00
  -8.0566822e-01  -3.2232783e+00
  -8.0566822e-01  -3.2480680e+00
  -8.0566822e-01  -3.2399354e+00
  -8.0566822e-01  -3.2327655e+00
  -8.0566822e-01  -3.2222450e+00
  -8.0566822e-01  -3.2409792e+00
  -8.0566822e-01  -3.2457190e+00
  -8.0566822e-01  -3.2320749e+00
  -8.0566822e-01  -3.2275104e+00
  -8.0566822e-01  -3.2429412e+00
  -8.0566822e-01  -3.2368539e+00
  -6.9150174e-01  -3.2306908e+00
  -6.9150174e-01  -3.2353538e+00
  -6.9150174e-01  -3.2258224e+00
  -6.9150174e-01  -3.2420331e+00
  -6.9150174e-01  -3.2115695e+00
  -6.9150174e-01  -3.2202472e+00
  -6.9150174e-01  -3.1974823e+00
  -6.9150174e-01  -3.1663840e+00
  -6.9150174e-01  -3.1622676e+00
  -6.9150174e-01  -3.1374953e+00
  -6.9150174e-01  -3.1351849e+00
  -6.9150174e-01  -3.1199821e+00
  -6.9150174e-01  -3.1280631e+00
  -6.9150174e-01  -3.1129300e+00
  -6.9150174e-01  -3.1069397e+00
  -6.9150174e-01  -3.1070706e+00
  -6.9150174e-01  -3.0975412e+00
  -6.9150174e-01  -3.0879712e+00
  -6.9150174e-01  -3.0765178e+00
  -6.9150174e-01  -3.0856601e+00
  -6.9150174e-01  -3.0966277e+00
  -6.9150174e-01  -3.0862850e+00
  -6.9150174e-01  -3.0870977e+00
  -6.9150174e-01  -3.0872977e+00
  -6.9150174e-01  -3.0807809e+00
  -6.9150174e-01  -3.0836856e+00
  -6.9150174e-01  -3.0688721e+00
  -6.9150174e-01  -3.0786146e+00
  -6.9150174e-01  -3.0650561e+00
  -6.9150174e-01  -3.0819636e+00
  -6.9150174e-01  -3.0612743e+00
  -6.9150174e-01  -3.0866942e+00
  -6.9150174e-01  -3.0715097e+00
  -6.9150174e-01  -3.0863318e+00
  -6.9150174e-01  -3.0831727e+00
  -6.9150174e-01  -3.0656957e+00
  -6.9150174e-01  -3.0731752e+00
  -6.9150174e-01  -3.0785189e+00
  -6.9150174e-01  -3.0877192e+00
  -6.9150174e-01  -3.0633410e+00
  -6.9150174e-01  -3.0698225e+00
  -6.9150174e-01  -3.0882193e+00
  -6.9150174e-01  -3.0784922e+00
  -6.9150174e-01  -3.0742535e+00
  -6.9150174e-01  -3.0880979e+00
  -6.9150174e-01  -3.0867275e+00
  -6.9150174e-01  -3.0699906e+00
  -6.9150174e-01  -3.0625669e+00
  -6.9150174e-01  -3.0790865e+00
  -6.9150174e-01  -3.0880756e+00
   2.4401192e-01  -3.0749272e+00
   2.4401192e-01  -3.0660124e+00
   2.4401192e-01  -3.0660605e+00
   2.4401192e-01  -2.8185808e+00
   2.4401192e-01  -2.2919851e+00
   2.4401192e-01  -1.7197087e+00
   2.4401192e-01  -1.2301788e+00
   2.4401192e-01  -8.0089759e-01
   2.4401192e-01  -4.7410799e-01
   2.4401192e-01  -2.4573764e-01
   2.4401192e-01  -6.9550593e-02
   2.4401192e-01   8.7251621e-02
   2.4401192e-01   1.8981528e-01
   2.4401192e-01   2.6479462e-01
   2.4401192e-01   3.1162516e-01
   2.4401192e-01   3.7300774e-01
   2.4401192e-01   4.1123321e-01
   2.4401192e-01   4.5192750e-01
   2.4401192e-01   4.8293853e-01
   2.4401192e-01   4.8871939e-01
   2.4401192e-01   5.0296040e-01
   2.4401192e-01   5.1992093e-01
   2.4401192e-01   5.3001204e-01
   2.4401192e-01   5.4081645e-01
   2.4401192e-01   5.3419670e-01
   2.4401192e-01   5.4590422e-01
   2.4401192e-01   5.6228967e-01
   2.4401192e-01   5.5840101e-01
   2.4401192e-01   5.5661024e-01
   2.4401192e-01   5.5151276e-01
   2.4401192e-01   5.5442488e-01
   2.4401192e-01   5.5264695e-01
   2.4401192e-01   5.7903211e-01
   2.4401192e-01   5.6973951e-01
   2.4401192e-01   5.7538971e-01
   2.4401192e-01   5.7537394e-01
   2.4401192e-01   5.7323320e-01
   2.4401192e-01   5.5899265e-01
   2.4401192e-01   5.6935147e-01
   2.4401192e-01   5.6569145e-01
   2.4401192e-01   5.5678193e-01
   2.4401192e-01   5.7213416e-01
   2.4401192e-01   5.8486057e-01
   2.4401192e-01   5.8607736e-01
   2.4401192e-01   5.6100708e-01
   2.4401192e-01   5.8097484e-01
   2.4401192e-01   5.5826247e-01
   2.4401192e-01   5.6189297e-01
   2.4401192e-01   5.6198272e-01
   2.4401192e-01   5.6619471e-01
   8.1556598e-01   5.5850188e-01
   8.1556598e-01   5.6401191e-01
   8.1556598e-01   5.6002288e-01
   8.1556598e-01   5.8660312e-01
   8.1556598e-01   6.0933162e-01
   8.1556598e-01   6.2143830e-01
   8.1556598e-01   6.2983794e-01
   8.1556598e-01   6.5583146e-01
   8.1556598e-01   6.7050589e-01
   8.1556598e-01   7.1325781e-01
   8.1556598e-01   7.1237112e-01
   8.1556598e-01   7.1439409e-01
   8.1556598e-01   7.3597518e-01
   8.1556598e-01   7.3470524e-01
   8.1556598e-01   7.5241080e-01
   8.1556598e-01   7.5328843e-01
   8.1556598e-01   7.6249697e-01
   8.1556598e-01   7.7208518e-01
   8.1556598e-01   7.6581278e-01
   8.1556598e-01   7.5834836e-01
   8.1556598e-01   7.6934094e-01
   8.1556598e-01   7.7444964e-01
   8.1556598e-01   7.6503380e-01
   8.1556598e-01   7.8541795e-01
   8.1556598e-01   7.8141829e-01
   8.1556598e-01   7.6549201e-01
   8.1556598e-01   7.8562832e-01
   8.1556598e-01   7.8558670e-01
   8.1556598e-01   7.8106609e-01
   8.1556598e-01   7.7925192e-01
   8.1556598e-01   7.7897487e-01
   8.1556598e-01   7.6721187e-01
   8.1556598e-01   7.6585482e-01
   8.1556598e-01   7.8881424e-01
   8.1556598e-01   7.7719915e-01
   8.1556598e-01   7.8200679e-01
   8.1556598e-01   7.8420963e-01
   8.1556598e-01   7.9152769e-01
   8.1556598e-01   7.8533628e-01
   8.1556598e-01   7.7869117e-01
   8.1556598e-01   7.8105330e-01
   8.1556598e-01   7.7232243e-01
   8.1556598e-01   7.9136203e-01
   8.1556598e-01   7.8349665e-01
   8.1556598e-01   7.6732929e-01
   8.1556598e-01   7.8792090e-01
   8.1556598e-01   7.9516130e-01
   8.1556598e-01   7.9315544e-01
   8.1556598e-01   7.8564168e-01
   8.1556598e-01   7.8433963e-01
  -3.0682181e-01   7.9515911e-01
  -3.0682181e-01   7.8937527e-01
  -3.0682181e-01   7.7618312e-01
  -3.0682181e-01   7.7503276e-01
  -3.0682181e-01   7.3353447e-01
  -3.0682181e-01   6.5097496e-01
  -3.0682181e-01   5.5836223e-01
  -3.0682181e-01   4.5103028e-01
  -3.0682181e-01   3.0827073e-01
  -3.0682181e-01   1.8203073e-01
  -3.0682181e-01   6.8165415e-03
  -3.0682181e-01  -1.3866930e-01
  -3.0682181e-01  -3.1136546e-01
  -3.0682181e-01  -4.6997707e-01
  -3.0682181e-01  -6.0052956e-01
  -3.0682181e-01  -7.3264001e-01
  -3.0682181e-01  -8.7537451e-01
  -3.0682181e-01  -9.6852343e-01
  -3.0682181e-01  -1.0880503e+00
  -3.0682181e-01  -1.1664649e+00
  -3.0682181e-01  -1.2408268e+00
  -3.0682181e-01  -1.2956519e+00
  -3.0682181e-01  -1.3565990e+00
  -3.0682181e-01  -1.4045206e+00
  -3.0682181e-01  -1.4302897e+00
  -3.0682181e-01  -1.4671728e+00
  -3.0682181e-01  -1.4865650e+00
  -3.0682181e-01  -1.5129989e+00
  -3.0682181e-01  -1.5352706e+00
  -3.0682181e-01  -1.5474035e+00
  -3.0682181e-01  -1.5500525e+00
  -3.0682181e-01  -1.5632967e+00
  -3.0682181e-01  -1.5833925e+00
  -3.0682181e-01  -1.5858893e+00
  -3.0682181e-01  -1.6051792e+00
  -3.0682181e-01  -1.5842966e+00
  -3.0682181e-01  -1.5855772e+00
  -3.0682181e-01  -1.5952524e+00
  -3.0682181e-01  -1.5937918e+00
  -3.0682181e-01  -1.6174537e+00
  -3.0682181e-01  -1.6136489e+00
  -3.0682181e-01  -1.6215142e+00
  -3.0682181e-01  -1.6253035e+00
  -3.0682181e-01  -1.6164623e+00
  -3.0682181e-01  -1.6123984e+00
  -3.0682181e-01  -1.6052164e+00
  -3.0682181e-01  -1.6037141e+00
  -3.0682181e-01  -1.6229482e+00
  -3.0682181e-01  -1.6044828e+00
  -3.0682181e-01  -1.6037137e+00
  -1.1568152e-01  -1.6127243e+00
  -1.1568152e-01  -1.6077791e+00
  -1.1568152e-01  -1.6027939e+00
  -1.1568152e-01  -1.5761275e+00
  -1.1568152e-01  -1.4960758e+00
  -1.1568152e-01  -1.3801541e+00
  -1.1568152e-01  -1.2508975e+00
  -1.1568152e-01  -1.1377396e+00
  -1.1568152e-01  -1.0471394e+00
  -1.1568152e-01  -9.6285094e-01
  -1.1568152e-01  -8.7453478e-01
  -1.1568152e-01  -8.1336418e-01
  -1.1568152e-01  -7.5563076e-01
  -1.1568152e-01  -7.1813437e-01
  -1.1568152e-01  -6.8029173e-01
  -1.1568152e-01  -6.5515146e-01
  -1.1568152e-01  -6.3269595e-01
  -1.1568152e-01  -6.0474115e-01
  -1.1568152e-01  -5.8795955e-01
  -1.1568152e-01  -5.8505782e-01
  -1.1568152e-01  -5.6904904e-01
  -1.1568152e-01  -5.6746109e-01
  -1.1568152e-01  -5.4207517e-01
  -1.1568152e-01  -5.5119140e-01
  -1.1568152e-01  -5.3519950e-01
  -1.1568152e-01  -5.1612589e-01
  -1.1568152e-01  -5.1484909e-01
  -1.1568152e-01  -5.1682582e-01
  -1.1568152e-01  -5.1193852e-01
  -1.1568152e-01  -5.1354629e-01
  -1.1568152e-01  -5.0371859e-01
  -1.1568152e-01  -5.2608887e-01
  -1.1568152e-01  -5.1116324e-01
  -1.1568152e-01  -5.1731243e-01
  -1.1568152e-01  -5.1750859e-01
  -1.1568152e-01  -4.9912818e-01
  -1.1568152e-01  -5.0281306e-01
  -1.1568152e-01  -5.1810279e-01
  -1.1568152e-01  -5.1002540e-01
  -1.1568152e-01  -5.0572306e-01
  -1.1568152e-01  -5.0907706e-01
  -1.1568152e-01  -5.1479699e-01
  -1.1568152e-01  -5.2380979e-01
  -1.1568152e-01  -5.0426404e-01
  -1.1568152e-01  -5.0367229e-01
  -1.1568152e-01  -5.1417171e-01
  -1.1568152e-01  -5.2353653e-01
  -1.1568152e-01  -5.2361356e-01
  -1.1568152e-01  -5.0391487e-01
  -1.1568152e-01  -5.0365386e-01
   2.7687047e-01  -4.9871212e-01
   2.7687047e-01  -5.1401514e-01
   2.7687047e-01  -5.0737171e-01
   2.7687047e-01  -4.4986705e-01
   2.7687047e-01  -3.2423945e-01
   2.7687047e-01  -1.7403224e-01
   2.7687047e-01  -5.3669433e-02
   2.7687047e-01   7.5054829e-02
   2.7687047e-01   1.8432596e-01
   2.7687047e-01   2.6797167e-01
   2.7687047e-01   3.1506133e-01
   2.7687047e-01   3.7076541e-01
   2.7687047e-01   4.1803966e-01
   2.7687047e-01   4.5008359e-01
   2.7687047e-01   4.7736574e-01
   2.7687047e-01   5.2050632e-01
   2.7687047e-01   5.2976648e-01
   2.7687047e-01   5.5015020e-01
   2.7687047e-01   5.5531345e-01
   2.7687047e-01   5.5026679e-01
   2.7687047e-01   5.7017292e-01
   2.7687047e-01   5.6992575e-01
   2.7687047e-01   5.7696236e-01
   2.7687047e-01   5.9702506e-01
   2.7687047e-01   5.8990734e-01
   2.7687047e-01   5.9766897e-01
   2.7687047e-01   5.8953278e-01
   2.7687047e-01   5.8427853e-01
   2.7687047e-01   5.9252542e-01
   2.7687047e-01   5.9012289e-01
   2.7687047e-01   6.1608772e-01
   2.7687047e-01   6.1648060e-01
   2.7687047e-01   6.0483084e-01
   2.7687047e-01   6.1600644e-01
   2.7687047e-01   5.9953099e-01
   2.7687047e-01   6.1662855e-01
   2.7687047e-01   5.9923040e-01
   2.7687047e-01   6.0830294e-01
   2.7687047e-01   6.0169814e-01
   2.7687047e-01   6.0094372e-01
   2.7687047e-01   6.1054745e-01
   2.7687047e-01   6.0042784e-01
   2.7687047e-01   6.1337465e-01
   2.7687047e-01   6.2228719e-01
   2.7687047e-01   6.1954884e-01
   2.7687047e-01   5.9669129e-01
   2.7687047e-01   5.9333874e-01
   2.7687047e-01   6.0837562e-01
   2.7687047e-01   6.1937675e-01
   2.7687047e-01   6.1419374e-01
   5.4989099e-01   6.1879899e-01
   5.4989099e-01   6.1260343e-01
   5.4989099e-01   6.0469288e-01
   5.4989099e-01   6.0798925e-01
   5.4989099e-01   6.3017251e-01
   5.4989099e-01   6.4580130e-01
   5.4989099e-01   6.6175120e-01
   5.4989099e-01   6.5662184e-01
   5.4989099e-01   6.7246867e-01
   5.4989099e-01   6.7494591e-01
   5.4989099e-01   6.9001150e-01
   5.4989099e-01   7.0468765e-01
   5.4989099e-01   7.2274765e-01
   5.4989099e-01   7.3254811e-01
   5.4989099e-01   7.3345015e-01
   5.4989099e-01   7.3242912e-01
   5.4989099e-01   7.3378118e-01
   5.4989099e-01   7.2491867e-01
   5.4989099e-01   7.4360037e-01
   5.4989099e-01   7.3307208e-01
   5.4989099e-01   7.4511572e-01
   5.4989099e-01   7.4298505e-01
   5.4989099e-01   7.4244145e-01
   5.4989099e-01   7.5013708e-01
   5.4989099e-01   7.3359467e-01
   5.4989099e-01   7.4449062e-01
   5.4989099e-01   7.3372506e-01
   5.4989099e-01   7.4310957e-01
   5.4989099e-01   7.4654950e-01
   5.4989099e-01   7.5599546e-01
   5.4989099e-01   7.3932840e-01
   5.4989099e-01   7.5154048e-01
   5.4989099e-01   7.5761746e-01
   5.4989099e-01   7.3838000e-01
   5.4989099e-01   7.3452749e-01
   5.4989099e-01   7.5295064e-01
   5.4989099e-01   7.3712219e-01
   5.4989099e-01   7.3661914e-01
   5.4989099e-01   7.4103845e-01
   5.4989099e-01   7.5137060e-01
   5.4989099e-01   7.4774376e-01
   5.4989099e-01   7.4085765e-01
   5.4989099e-01   7.3398036e-01
   5.4989099e-01   7.5510969e-01
   5.4989099e-01   7.4214566e-01
   5.4989099e-01   7.3909165e-01
   5.4989099e-01   7.4969475e-01
   5.4989099e-01   7.4621800e-01
   5.4989099e-01   7.3531862e-01
   5.4989099e-01   7.3909187e-01
