   1.2801020e-01   0.0000000e+00
   1.2801020e-01   0.0000000e+00
   1.2801020e-01   0.0000000e+00
   1.2801020e-01   4.1838904e-02
   1.2801020e-01   5.7849859e-02
   1.2801020e-01   1.0677186e-01
   1.2801020e-01   1.2891729e-01
   1.2801020e-01   1.7235679e-01
   1.2801020e-01   2.0138263e-01
   1.2801020e-01   2.3086373e-01
   1.2801020e-01   2.6625483e-01
   1.2801020e-01   2.8049067e-01
   1.2801020e-01   3.1116107e-01
   1.2801020e-01   3.1408829e-01
   1.2801020e-01   3.1293644e-01
   1.2801020e-01   3.3204996e-01
   1.2801020e-01   3.5537894e-01
   1.2801020e-01   3.4933206e-01
   1.2801020e-01   3.4399429e-01
   1.2801020e-01   3.5558180e-01
   1.2801020e-01   3.5429974e-01
   1.2801020e-01   3.8549885e-01
   1.2801020e-01   3.8760146e-01
   1.2801020e-01   3.8479872e-01
   1.2801020e-01   3.8074442e-01
   1.2801020e-01   3.8720091e-01
   1.2801020e-01   3.7061342e-01
   1.2801020e-01   3.7538311e-01
   1.2801020e-01   3.8318177e-01
   1.2801020e-01   3.7887079e-01
   1.2801020e-01   3.7012722e-01
   1.2801020e-01   3.9873140e-01
   1.2801020e-01   3.8287125e-01
   1.2801020e-01   3.8507366e-01
   1.2801020e-01   3.7992482e-01
   1.2801020e-01   3.7822817e-01
   1.2801020e-01   3.8222063e-01
   1.2801020e-01   3.9572043e-01
   1.2801020e-01   3.9298200e-01
   1.2801020e-01   3.8235396e-01
   1.2801020e-01   3.7144851e-01
   1.2801020e-01   3.9504598e-01
   1.2801020e-01   3.7925943e-01
   1.2801020e-01   3.8870249e-01
   1.2801020e-01   3.7202467e-01
   1.2801020e-01   3.9115385e-01
   1.2801020e-01   3.8293777e-01
   1.2801020e-01   3.8624417e-01
   1.2801020e-01   3.8379542e-01
   1.2801020e-01   3.8188774e-01
   9.4814754e-01   3.8790184e-01
   9.4814754e-01   4.0056877e-01
   9.4814754e-01   3.7477206e-01
   9.4814754e-01   3.9829743e-01
   9.4814754e-01   4.2976102e-01
   9.4814754e-01   4.9791209e-01
   9.4814754e-01   5.4213050e-01
   9.4814754e-01   5.7101253e-01
   9.4814754e-01   6.1345566e-01
   9.4814754e-01   6.5084513e-01
   9.4814754e-01   6.7669963e-01
   9.4814754e-01   6.8277715e-01
   9.4814754e-01   7.2113764e-01
   9.4814754e-01   7.3193303e-01
   9.4814754e-01   7.2396157e-01
   9.4814754e-01   7.5527714e-01
   9.4814754e-01   7.5924279e-01
   9.4814754e-01   7.6692491e-01
   9.4814754e-01   7.6432944e-01
   9.4814754e-01   7.5879741e-01
   9.4814754e-01   7.8311921e-01
   9.4814754e-01   7.7610816e-01
   9.4814754e-01   7.7101145e-01
   9.4814754e-01   7.7040581e-01
   9.4814754e-01   7.9144174e-01
   9.4814754e-01   7.7787252e-01
   9.4814754e-01   7.8251640e-01
   9.4814754e-01   7.8540880e-01
   9.4814754e-01   7.9263589e-01
   9.4814754e-01   7.8712348e-01
   9.4814754e-01   7.7418384e-01
   9.4814754e-01   7.8700220e-01
   9.4814754e-01   7.8425564e-01
   9.4814754e-01   7.8627162e-01
   9.4814754e-01   7.9103044e-01
   9.4814754e-01   7.7759164e-01
   9.4814754e-01   7.7595747e-01
   9.4814754e-01   7.7379199e-01
   9.4814754e-01   7.7879118e-01
   9.4814754e-01   7.7095467e-01
   9.4814754e-01   7.8959167e-01
   9.4814754e-01   7.7961824e-01
   9.4814754e-01   7.7642443e-01
   9.4814754e-01   7.7369949e-01
   9.4814754e-01   7.7938221e-01
   9.4814754e-01   7.7734077e-01
   9.4814754e-01   7.7948039e-01
   9.4814754e-01   7.8507033e-01
   9.4814754e-01   7.8742585e-01
   9.4814754e-01   7.9630491e-01
  -9.9324956e-02   8.0061546e-01
  -9.9324956e-02   7.7243330e-01
  -9.9324956e-02   7.7793661e-01
  -9.9324956e-02   7.7818856e-01
  -9.9324956e-02   7.3244478e-01
  -9.9324956e-02   7.0734839e-01
  -9.9324956e-02   6.2881257e-01
  -9.9324956e-02   5.7529540e-01
  -9.9324956e-02   4.9566397e-01
  -9.9324956e-02   4.1817683e-01
  -9.9324956e-02   3.1126772e-01
  -9.9324956e-02   2.3399831e-01
  -9.9324956e-02   1.6796774e-01
  -9.9324956e-02   7.3867384e-02
  -9.9324956e-02   2.4691445e-03
  -9.9324956e-02  -5.0833321e-02
  -9.9324956e-02  -1.0010764e-01
  -9.9324956e-02  -1.6572717e-01
  -9.9324956e-02  -2.0838170e-01
  -9.9324956e-02  -2.4615077e-01
  -9.9324956e-02  -2.6731842e-01
  -9.9324956e-02  -2.8604849e-01
  -9.9324956e-02  -3.2289233e-01
  -9.9324956e-02  -3.2164199e-01
  -9.9324956e-02  -3.5093636e-01
  -9.9324956e-02  -3.5864181e-01
  -9.9324956e-02  -3.7959557e-01
  -9.9324956e-02  -3.7903867e-01
  -9.9324956e-02  -3.7649190e-01
  -9.9324956e-02  -3.9794595e-01
  -9.9324956e-02  -4.1036079e-01
  -9.9324956e-02  -4.0808533e-01
  -9.9324956e-02  -4.1102809e-01
  -9.9324956e-02  -4.1203161e-01
  -9.9324956e-02  -4.1386778e-01
  -9.9324956e-02  -4.3032187e-01
  -9.9324956e-02  -4.2826742e-01
  -9.9324956e-02  -4.2101071e-01
  -9.9324956e-02  -4.1435937e-01
  -9.9324956e-02  -4.1315749e-01
  -9.9324956e-02  -4.1389905e-01
  -9.9324956e-02  -4.2272480e-01
  -9.9324956e-02  -4.0959425e-01
  -9.9324956e-02  -4.2874082e-01
  -9.9324956e-02  -4.2458134e-01
  -9.9324956e-02  -4.1684264e-01
  -9.9324956e-02  -4.1377886e-01
  -9.9324956e-02  -4.2726061e-01
  -9.9324956e-02  -4.1438162e-01
  -9.9324956e-02  -4.2662603e-01
   1.2935521e-01  -4.1858985e-01
   1.2935521e-01  -4.3988998e-01
   1.2935521e-01  -4.3945385e-01
   1.2935521e-01  -3.7884860e-01
   1.2935521e-01  -3.2830074e-01
   1.2935521e-01  -2.1996042e-01
   1.2935521e-01  -1.3951973e-01
   1.2935521e-01  -5.7641353e-02
   1.2935521e-01   2.1907597e-02
   1.2935521e-01   1.0108112e-01
   1.2935521e-01   1.4332413e-01
   1.2935521e-01   1.9770159e-01
   1.2935521e-01   2.2762604e-01
   1.2935521e-01   2.5155139e-01
   1.2935521e-01   2.7633572e-01
   1.2935521e-01   2.8796260e-01
   1.2935521e-01   2.9816533e-01
   1.2935521e-01   3.2421448e-01
   1.2935521e-01   3.3979241e-01
   1.2935521e-01   3.5839437e-01
   1.2935521e-01   3.5998488e-01
   1.2935521e-01   3.7113504e-01
   1.2935521e-01   3.7874717e-01
   1.2935521e-01   3.8338103e-01
   1.2935521e-01   3.8306418e-01
   1.2935521e-01   3.6534612e-01
   1.2935521e-01   3.7411839e-01
   1.2935521e-01   3.7187460e-01
   1.2935521e-01   3.9320007e-01
   1.2935521e-01   3.9222765e-01
   1.2935521e-01   3.7997707e-01
   1.2935521e-01   3.8744183e-01
   1.2935521e-01   3.9522729e-01
   1.2935521e-01   3.9664684e-01
   1.2935521e-01   3.7830022e-01
   1.2935521e-01   3.9443570e-01
   1.2935521e-01   3.9693646e-01
   1.2935521e-01   3.7438913e-01
   1.2935521e-01   3.7652494e-01
   1.2935521e-01   3.8653723e-01
   1.2935521e-01   3.8025486e-01
   1.2935521e-01   4.0016482e-01
   1.2935521e-01   3.9543324e-01
   1.2935521e-01   3.9531183e-01
   1.2935521e-01   3.9708212e-01
   1.2935521e-01   3.8396174e-01
   1.2935521e-01   3.8094105e-01
   1.2935521e-01   3.9290862e-01
   1.2935521e-01   3.8658179e-01
   1.2935521e-01   4.0227469e-01
   1.5926440e-01   3.9346436e-01
   1.5926440e-01   3.8581379e-01
   1.5926440e-01   3.9987346e-01
   1.5926440e-01   3.8737970e-01
   1.5926440e-01   3.8538804e-01
   1.5926440e-01   4.0870373e-01
   1.5926440e-01   4.0500042e-01
   1.5926440e-01   4.0410292e-01
   1.5926440e-01   4.2222107e-01
   1.5926440e-01   4.3551310e-01
   1.5926440e-01   4.1760838e-01
   1.5926440e-01   4.3752566e-01
   1.5926440e-01   4.3979131e-01
   1.5926440e-01   4.2317464e-01
   1.5926440e-01   4.4699145e-01
   1.5926440e-01   4.3757613e-01
   1.5926440e-01   4.2909317e-01
   1.5926440e-01   4.4274552e-01
   1.5926440e-01   4.3666478e-01
   1.5926440e-01   4.3396823e-01
   1.5926440e-01   4.3184341e-01
   1.5926440e-01   4.3607114e-01
   1.5926440e-01   4.4351963e-01
   1.5926440e-01   4.5032241e-01
   1.5926440e-01   4.3404934e-01
   1.5926440e-01   4.5319660e-01
   1.5926440e-01   4.3502143e-01
   1.5926440e-01   4.3743822e-01
   1.5926440e-01   4.5373536e-01
   1.5926440e-01   4.5902965e-01
   1.5926440e-01   4.6207765e-01
   1.5926440e-01   4.5226249e-01
   1.5926440e-01   4.4708272e-01
   1.5926440e-01   4.3544610e-01
   1.5926440e-01   4.4963173e-01
   1.5926440e-01   4.3833933e-01
   1.5926440e-01   4.4837101e-01
   1.5926440e-01   4.5123483e-01
   1.5926440e-01   4.5798624e-01
   1.5926440e-01   4.4272118e-01
   1.5926440e-01   4.6268993e-01
   1.5926440e-01   4.6288519e-01
   1.5926440e-01   4.5783155e-01
   1.5926440e-01   4.5388008e-01
   1.5926440e-01   4.5507254e-01
   1.5926440e-01   4.5932619e-01
   1.5926440e-01   4.6161809e-01
   1.5926440e-01   4.5864449e-01
   1.5926440e-01   4.5230788e-01
   1.5926440e-01   4.3528723e-01
   3.3933036e-01   4.5178592e-01
   3.3933036e-01   4.4368251e-01
   3.3933036e-01   4.3803086e-01
   3.3933036e-01   4.6725189e-01
   3.3933036e-01   4.8230394e-01
   3.3933036e-01   4.9461309e-01
   3.3933036e-01   5.1473556e-01
   3.3933036e-01   5.3643311e-01
   3.3933036e-01   5.4851800e-01
   3.3933036e-01   5.6942686e-01
   3.3933036e-01   5.8481007e-01
   3.3933036e-01   5.8439371e-01
   3.3933036e-01   6.2105682e-01
   3.3933036e-01   6.0381052e-01
   3.3933036e-01   6.2136304e-01
   3.3933036e-01   6.1908129e-01
   3.3933036e-01   6.2712158e-01
   3.3933036e-01   6.5363638e-01
   3.3933036e-01   6.3993760e-01
   3.3933036e-01   6.5350939e-01
   3.3933036e-01   6.3776902e-01
   3.3933036e-01   6.4345700e-01
   3.3933036e-01   6.6394988e-01
   3.3933036e-01   6.6592486e-01
   3.3933036e-01   6.4853593e-01
   3.3933036e-01   6.6980948e-01
   3.3933036e-01   6.6157022e-01
   3.3933036e-01   6.5721835e-01
   3.3933036e-01   6.5396190e-01
   3.3933036e-01   6.5314830e-01
   3.3933036e-01   6.7192041e-01
   3.3933036e-01   6.6443327e-01
   3.3933036e-01   6.5988045e-01
   3.3933036e-01   6.4534595e-01
   3.3933036e-01   6.5161858e-01
   3.3933036e-01   6.7261082e-01
   3.3933036e-01   6.6112287e-01
   3.3933036e-01   6.5522570e-01
   3.3933036e-01   6.4485177e-01
   3.3933036e-01   6.5223052e-01
   3.3933036e-01   6.5229660e-01
   3.3933036e-01   6.4982784e-01
   3.3933036e-01   6.5508737e-01
   3.3933036e-01   6.5084259e-01
   3.3933036e-01   6.4667076e-01
   3.3933036e-01   6.4773940e-01
   3.3933036e-01   6.5971623e-01
   3.3933036e-01   6.4691554e-01
   3.3933036e-01   6.7288960e-01
   3.3933036e-01   6.5102552e-01
   5.9070273e-01   6.5877517e-01
   5.9070273e-01   6.5729394e-01
   5.9070273e-01   6.5359820e-01
   5.9070273e-01   6.5769237e-01
   5.9070273e-01   6.6164136e-01
   5.9070273e-01   6.7288836e-01
   5.9070273e-01   6.7763804e-01
   5.9070273e-01   7.0409529e-01
   5.9070273e-01   7.1128129e-01
   5.9070273e-01   7.0888233e-01
   5.9070273e-01   7.3256746e-01
   5.9070273e-01   7.2344658e-01
   5.9070273e-01   7.3504025e-01
   5.9070273e-01   7.3650539e-01
   5.9070273e-01   7.3401189e-01
   5.9070273e-01   7.5504245e-01
   5.9070273e-01   7.5500521e-01
   5.9070273e-01   7.5679887e-01
   5.9070273e-01   7.6185959e-01
   5.9070273e-01   7.3468607e-01
   5.9070273e-01   7.5051775e-01
   5.9070273e-01   7.6483589e-01
   5.9070273e-01   7.4151087e-01
   5.9070273e-01   7.4547081e-01
   5.9070273e-01   7.5380263e-01
   5.9070273e-01   7.5943963e-01
   5.9070273e-01   7.4942872e-01
   5.9070273e-01   7.4893204e-01
   5.9070273e-01   7.6325766e-01
   5.9070273e-01   7.4116867e-01
   5.9070273e-01   7.6392069e-01
   5.9070273e-01   7.5333735e-01
   5.9070273e-01   7.5946172e-01
   5.9070273e-01   7.6184702e-01
   5.9070273e-01   7.4371021e-01
   5.9070273e-01   7.6793241e-01
   5.9070273e-01   7.6553631e-01
   5.9070273e-01   7.5216929e-01
   5.9070273e-01   7.4678521e-01
   5.9070273e-01   7.4285303e-01
   5.9070273e-01   7.5024966e-01
   5.9070273e-01   7.6240560e-01
   5.9070273e-01   7.6542041e-01
   5.9070273e-01   7.5083500e-01
   5.9070273e-01   7.4765619e-01
   5.9070273e-01   7.5087763e-01
   5.9070273e-01   7.6999361e-01
   5.9070273e-01   7.4395091e-01
   5.9070273e-01   7.4593825e-01
   5.9070273e-01   7.6190366e-01
  -2.3854193e-01   7.4527246e-01
  -2.3854193e-01   7.4908084e-01
  -2.3854193e-01   7.6517939e-01
  -2.3854193e-01   7.3403374e-01
  -2.3854193e-01   7.0069849e-01
  -2.3854193e-01   6.3589162e-01
  -2.3854193e-01   5.4286642e-01
  -2.3854193e-01   4.4104657e-01
  -2.3854193e-01   3.2647404e-01
  -2.3854193e-01   2.1766810e-01
  -2.3854193e-01   5.9378945e-02
  -2.3854193e-01  -7.2719806e-02
  -2.3854193e-01  -1.9714599e-01
  -2.3854193e-01  -3.2693231e-01
  -2.3854193e-01  -4.3453667e-01
  -2.3854193e-01  -5.4319407e-01
  -2.3854193e-01  -6.4169182e-01
  -2.3854193e-01  -7.3372050e-01
  -2.3854193e-01  -8.0289389e-01
  -2.3854193e-01  -8.6007568e-01
  -2.3854193e-01  -9.1547805e-01
  -2.3854193e-01  -9.7176208e-01
  -2.3854193e-01  -1.0041191e+00
  -2.3854193e-01  -1.0614483e+00
  -2.3854193e-01  -1.0865056e+00
  -2.3854193e-01  -1.0926161e+00
  -2.3854193e-01  -1.1234455e+00
  -2.3854193e-01  -1.1420058e+00
  -2.3854193e-01  -1.1480970e+00
  -2.3854193e-01  -1.1654271e+00
  -2.3854193e-01  -1.1586797e+00
  -2.3854193e-01  -1.1820800e+00
  -2.3854193e-01  -1.1749636e+00
  -2.3854193e-01  -1.1872337e+00
  -2.3854193e-01  -1.1822313e+00
  -2.3854193e-01  -1.1986080e+00
  -2.3854193e-01  -1.1872797e+00
  -2.3854193e-01  -1.2011191e+00
  -2.3854193e-01  -1.2195452e+00
  -2.3854193e-01  -1.1998169e+00
  -2.3854193e-01  -1.1974577e+00
  -2.3854193e-01  -1.2214226e+00
  -2.3854193e-01  -1.1963607e+00
  -2.3854193e-01  -1.2090864e+00
  -2.3854193e-01  -1.2043623e+00
  -2.3854193e-01  -1.2203502e+00
  -2.3854193e-01  -1.1992337e+00
  -2.3854193e-01  -1.2084960e+00
  -2.3854193e-01  -1.2117640e+00
  -2.3854193e-01  -1.1994411e+00
   4.0069065e-01  -1.2117533e+00
   4.0069065e-01  -1.2126593e+00
   4.0069065e-01  -1.2273868e+00
   4.0069065e-01  -1.0944149e+00
   4.0069065e-01  -8.3294827e-01
   4.0069065e-01  -5.6012287e-01
   4.0069065e-01  -2.9265818e-01
   4.0069065e-01  -8.1967889e-02
   4.0069065e-01   7.7333511e-02
   4.0069065e-01   2.1972317e-01
   4.0069065e-01   3.1970699e-01
   4.0069065e-01   3.9440404e-01
   4.0069065e-01   4.6526052e-01
   4.0069065e-01   4.9484269e-01
   4.0069065e-01   5.4154174e-01
   4.0069065e-01   5.7285600e-01
   4.0069065e-01   6.1244337e-01
   4.0069065e-01   6.2284034e-01
   4.0069065e-01   6.3563177e-01
   4.0069065e-01   6.3357944e-01
   4.0069065e-01   6.5167899e-01
   4.0069065e-01   6.5763886e-01
   4.0069065e-01   6.8110651e-01
   4.0069065e-01   6.7167825e-01
   4.0069065e-01   6.8798171e-01
   4.0069065e-01   6.8539107e-01
   4.0069065e-01   6.9498121e-01
   4.0069065e-01   6.7100669e-01
   4.0069065e-01   7.0053401e-01
   4.0069065e-01   7.0287003e-01
   4.0069065e-01   6.8024015e-01
   4.0069065e-01   6.7859546e-01
   4.0069065e-01   6.8698758e-01
   4.0069065e-01   6.9572760e-01
   4.0069065e-01   6.9445146e-01
   4.0069065e-01   6.9224521e-01
   4.0069065e-01   7.0695188e-01
   4.0069065e-01   6.9698213e-01
   4.0069065e-01   7.0816187e-01
   4.0069065e-01   6.9763120e-01
   4.0069065e-01   6.8607300e-01
   4.0069065e-01   7.1012003e-01
   4.0069065e-01   7.1072749e-01
   4.0069065e-01   6.9426039e-01
   4.0069065e-01   7.0381621e-01
   4.0069065e-01   7.0010321e-01
   4.0069065e-01   6.8661524e-01
   4.0069065e-01   6.9847624e-01
   4.0069065e-01   7.0076205e-01
   4.0069065e-01   6.9897534e-01
   4.6634545e-01   6.9743064e-01
   4.6634545e-01   6.9896171e-01
   4.6634545e-01   7.0249064e-01
   4.6634545e-01   7.0517272e-01
   4.6634545e-01   6.8663801e-01
   4.6634545e-01   7.1382637e-01
   4.6634545e-01   7.0253754e-01
   4.6634545e-01   7.1253067e-01
   4.6634545e-01   7.0567906e-01
   4.6634545e-01   6.9777385e-01
   4.6634545e-01   7.1809599e-01
   4.6634545e-01   7.1085443e-01
   4.6634545e-01   7.1793301e-01
   4.6634545e-01   7.1059994e-01
   4.6634545e-01   7.0978196e-01
   4.6634545e-01   7.1344950e-01
   4.6634545e-01   7.3057364e-01
   4.6634545e-01   7.3366942e-01
   4.6634545e-01   7.3583328e-01
   4.6634545e-01   7.1934412e-01
   4.6634545e-01   7.3047383e-01
   4.6634545e-01   7.1262154e-01
   4.6634545e-01   7.3015727e-01
   4.6634545e-01   7.2076208e-01
   4.6634545e-01   7.3352890e-01
   4.6634545e-01   7.1425712e-01
   4.6634545e-01   7.3302961e-01
   4.6634545e-01   7.1072707e-01
   4.6634545e-01   7.3401883e-01
   4.6634545e-01   7.2140942e-01
   4.6634545e-01   7.1297507e-01
   4.6634545e-01   7.1797377e-01
   4.6634545e-01   7.3011277e-01
   4.6634545e-01   7.2224972e-01
   4.6634545e-01   7.1588310e-01
   4.6634545e-01   7.1606783e-01
   4.6634545e-01   7.2971621e-01
   4.6634545e-01   7.2836733e-01
   4.6634545e-01   7.1086285e-01
   4.6634545e-01   7.3332953e-01
   4.6634545e-01   7.1316681e-01
   4.6634545e-01   7.1618418e-01
   4.6634545e-01   7.0938926e-01
   4.6634545e-01   7.2416380e-01
   4.6634545e-01   7.3450740e-01
   4.6634545e-01   7.3687425e-01
   4.6634545e-01   7.2288363e-01
   4.6634545e-01   7.1206862e-01
   4.6634545e-01   7.2321677e-01
   4.6634545e-01   7.1770258e-01
  -2.4226767e-01   7.1827174e-01
  -2.4226767e-01   7.1627941e-01
  -2.4226767e-01   7.3760204e-01
  -2.4226767e-01   7.0377484e-01
  -2.4226767e-01   6.4715201e-01
  -2.4226767e-01   5.9446008e-01
  -2.4226767e-01   5.1324381e-01
  -2.4226767e-01   4.1210603e-01
  -2.4226767e-01   2.9183971e-01
  -2.4226767e-01   1.6219603e-01
  -2.4226767e-01   1.3769933e-02
  -2.4226767e-01  -1.1574457e-01
  -2.4226767e-01  -2.4336051e-01
  -2.4226767e-01  -3.7755762e-01
  -2.4226767e-01  -4.8466692e-01
  -2.4226767e-01  -6.0010275e-01
  -2.4226767e-01  -6.9532630e-01
  -2.4226767e-01  -7.5670798e-01
  -2.4226767e-01  -8.4999960e-01
  -2.4226767e-01  -9.0426107e-01
  -2.4226767e-01  -9.5404577e-01
  -2.4226767e-01  -9.9088409e-01
  -2.4226767e-01  -1.0489980e+00
  -2.4226767e-01  -1.0856891e+00
  -2.4226767e-01  -1.0924568e+00
  -2.4226767e-01  -1.1326507e+00
  -2.4226767e-01  -1.1526033e+00
  -2.4226767e-01  -1.1723463e+00
  -2.4226767e-01  -1.1766942e+00
  -2.4226767e-01  -1.1939914e+00
  -2.4226767e-01  -1.1991691e+00
  -2.4226767e-01  -1.2073452e+00
  -2.4226767e-01  -1.2047188e+00
  -2.4226767e-01  -1.2151225e+00
  -2.4226767e-01  -1.2122895e+00
  -2.4226767e-01  -1.2269991e+00
  -2.4226767e-01  -1.2291430e+00
  -2.4226767e-01  -1.2111560e+00
  -2.4226767e-01  -1.2358352e+00
  -2.4226767e-01  -1.2216388e+00
  -2.4226767e-01  -1.2248010e+00
  -2.4226767e-01  -1.2273896e+00
  -2.4226767e-01  -1.2440273e+00
  -2.4226767e-01  -1.2482031e+00
  -2.4226767e-01  -1.2265740e+00
  -2.4226767e-01  -1.2469171e+00
  -2.4226767e-01  -1.2425093e+00
  -2.4226767e-01  -1.2204276e+00
  -2.4226767e-01  -1.2213779e+00
  -2.4226767e-01  -1.2229320e+00
  -5.8284189e-02  -1.2332462e+00
  -5.8284189e-02  -1.2371983e+00
  -5.8284189e-02  -1.2371307e+00
  -5.8284189e-02  -1.2037766e+00
  -5.8284189e-02  -1.0993739e+00
  -5.8284189e-02  -9.9851995e-01
  -5.8284189e-02  -8.8527584e-01
  -5.8284189e-02  -8.0459550e-01
  -5.8284189e-02  -7.0543518e-01
  -5.8284189e-02  -6.2338765e-01
  -5.8284189e-02  -5.6485817e-01
  -5.8284189e-02  -5.0184768e-01
  -5.8284189e-02  -4.6570798e-01
  -5.8284189e-02  -4.2235441e-01
  -5.8284189e-02  -3.9462376e-01
  -5.8284189e-02  -3.5195472e-01
  -5.8284189e-02  -3.3851543e-01
  -5.8284189e-02  -3.1703979e-01
  -5.8284189e-02  -3.0288771e-01
  -5.8284189e-02  -2.9995574e-01
  -5.8284189e-02  -2.6414163e-01
  -5.8284189e-02  -2.6052787e-01
  -5.8284189e-02  -2.6549833e-01
  -5.8284189e-02  -2.4238981e-01
  -5.8284189e-02  -2.4425586e-01
  -5.8284189e-02  -2.3080700e-01
  -5.8284189e-02  -2.4340053e-01
  -5.8284189e-02  -2.5133054e-01
  -5.8284189e-02  -2.4877154e-01
  -5.8284189e-02  -2.2821982e-01
  -5.8284189e-02  -2.3176968e-01
  -5.8284189e-02  -2.4141191e-01
  -5.8284189e-02  -2.3049084e-01
  -5.8284189e-02  -2.3020648e-01
  -5.8284189e-02  -2.1969643e-01
  -5.8284189e-02  -2.4328739e-01
  -5.8284189e-02  -2.4103722e-01
  -5.8284189e-02  -2.3078114e-01
  -5.8284189e-02  -2.3957376e-01
  -5.8284189e-02  -2.1384579e-01
  -5.8284189e-02  -2.3735710e-01
  -5.8284189e-02  -2.2454906e-01
  -5.8284189e-02  -2.2969183e-01
  -5.8284189e-02  -2.1943948e-01
  -5.8284189e-02  -2.4121923e-01
  -5.8284189e-02  -2.3299123e-01
  -5.8284189e-02  -2.2856845e-01
  -5.8284189e-02  -2.3920228e-01
  -5.8284189e-02  -2.2333476e-01
  -5.8284189e-02  -2.2650989e-01
   7.3084011e-01  -2.1770443e-01
   7.3084011e-01  -2.2921750e-01
   7.3084011e-01  -2.3361689e-01
   7.3084011e-01  -1.7722604e-01
   7.3084011e-01  -5.7166157e-02
   7.3084011e-01   1.0305066e-01
   7.3084011e-01   2.2903233e-01
   7.3084011e-01   3.2627725e-01
   7.3084011e-01   4.1991258e-01
   7.3084011e-01   4.8159467e-01
   7.3084011e-01   5.5323604e-01
   7.3084011e-01   6.0232628e-01
   7.3084011e-01   6.2271889e-01
   7.3084011e-01   6.5716978e-01
   7.3084011e-01   6.8642385e-01
   7.3084011e-01   6.9722603e-01
   7.3084011e-01   7.1469866e-01
   7.3084011e-01   7.1547612e-01
   7.3084011e-01   7.4271827e-01
   7.3084011e-01   7.2963220e-01
   7.3084011e-01   7.4652962e-01
   7.3084011e-01   7.4607138e-01
   7.3084011e-01   7.4451374e-01
   7.3084011e-01   7.7029149e-01
   7.3084011e-01   7.5330300e-01
   7.3084011e-01   7.6355819e-01
   7.3084011e-01   7.6964780e-01
   7.3084011e-01   7.6081351e-01
   7.3084011e-01   7.6831001e-01
   7.3084011e-01   7.7081241e-01
   7.3084011e-01   7.6904388e-01
   7.3084011e-01   7.6725015e-01
   7.3084011e-01   7.6457336e-01
   7.3084011e-01   7.8451806e-01
   7.3084011e-01   7.7297781e-01
   7.3084011e-01   7.7902902e-01
   7.3084011e-01   7.7425116e-01
   7.3084011e-01   7.6701079e-01
   7.3084011e-01   7.7295062e-01
   7.3084011e-01   7.8342069e-01
   7.3084011e-01   7.8511300e-01
   7.3084011e-01   7.8714630e-01
   7.3084011e-01   7.6547301e-01
   7.3084011e-01   7.6941185e-01
   7.3084011e-01   7.6267285e-01
   7.3084011e-01   7.8879222e-01
   7.3084011e-01   7.7810779e-01
   7.3084011e-01   7.8035062e-01
   7.3084011e-01   7.7214857e-01
   7.3084011e-01   7.6655101e-01
  -2.7156243e-02   7.7087615e-01
  -2.7156243e-02   7.6793204e-01
  -2.7156243e-02   7.7525342e-01
  -2.7156243e-02   7.7327963e-01
  -2.7156243e-02   7.4698514e-01
  -2.7156243e-02   6.9190323e-01
  -2.7156243e-02   6.4076168e-01
  -2.7156243e-02   6.0247913e-01
  -2.7156243e-02   5.3421947e-01
  -2.7156243e-02   4.6593639e-01
  -2.7156243e-02   4.1731617e-01
  -2.7156243e-02   3.4299744e-01
  -2.7156243e-02   2.8605351e-01
  -2.7156243e-02   2.3123819e-01
  -2.7156243e-02   1.8950055e-01
  -2.7156243e-02   1.5505627e-01
  -2.7156243e-02   1.0793768e-01
  -2.7156243e-02   7.2298612e-02
  -2.7156243e-02   5.6644022e-02
  -2.7156243e-02   4.4654022e-02
  -2.7156243e-02  -2.7774756e-03
  -2.7156243e-02  -1.3771159e-02
  -2.7156243e-02  -8.2913405e-03
  -2.7156243e-02  -2.8634676e-02
  -2.7156243e-02  -3.3041890e-02
  -2.7156243e-02  -3.9244778e-02
  -2.7156243e-02  -6.7074694e-02
  -2.7156243e-02  -5.7343550e-02
  -2.7156243e-02  -7.6571660e-02
  -2.7156243e-02  -6.0272266e-02
  -2.7156243e-02  -6.3028085e-02
  -2.7156243e-02  -8.9668723e-02
  -2.7156243e-02  -7.2356201e-02
  -2.7156243e-02  -9.7159094e-02
  -2.7156243e-02  -8.2110583e-02
  -2.7156243e-02  -8.6882806e-02
  -2.7156243e-02  -8.4377904e-02
  -2.7156243e-02  -8.0408533e-02
  -2.7156243e-02  -7.7795069e-02
  -2.7156243e-02  -8.9370872e-02
  -2.7156243e-02  -1.0271548e-01
  -2.7156243e-02  -7.7892590e-02
  -2.7156243e-02  -1.0379366e-01
  -2.7156243e-02  -8.2038332e-02
  -2.7156243e-02  -1.0244454e-01
  -2.7156243e-02  -7.9174159e-02
  -2.7156243e-02  -8.7360404e-02
  -2.7156243e-02  -9.7203322e-02
  -2.7156243e-02  -8.0648453e-02
  -2.7156243e-02  -1.0126824e-01
   6.3112027e-01  -1.0027611e-01
   6.3112027e-01  -9.7018186e-02
   6.3112027e-01  -9.4422246e-02
   6.3112027e-01  -5.5455371e-02
   6.3112027e-01   6.4829886e-02
   6.3112027e-01   1.6475539e-01
   6.3112027e-01   2.8833734e-01
   6.3112027e-01   3.6110445e-01
   6.3112027e-01   4.4511419e-01
   6.3112027e-01   5.1780377e-01
   6.3112027e-01   5.7357374e-01
   6.3112027e-01   5.9731764e-01
   6.3112027e-01   6.2972245e-01
   6.3112027e-01   6.6920867e-01
   6.3112027e-01   6.7424910e-01
   6.3112027e-01   6.9078509e-01
   6.3112027e-01   7.1928173e-01
   6.3112027e-01   7.1618590e-01
   6.3112027e-01   7.1364303e-01
   6.3112027e-01   7.4506085e-01
   6.3112027e-01   7.3752230e-01
   6.3112027e-01   7.3791029e-01
   6.3112027e-01   7.5787106e-01
   6.3112027e-01   7.3443537e-01
   6.3112027e-01   7.6485969e-01
   6.3112027e-01   7.4110868e-01
   6.3112027e-01   7.4242796e-01
   6.3112027e-01   7.6980555e-01
   6.3112027e-01   7.5700247e-01
   6.3112027e-01   7.4897663e-01
   6.3112027e-01   7.7380862e-01
   6.3112027e-01   7.5501586e-01
   6.3112027e-01   7.7370643e-01
   6.3112027e-01   7.5966626e-01
   6.3112027e-01   7.5725976e-01
   6.3112027e-01   7.6370059e-01
   6.3112027e-01   7.7404455e-01
   6.3112027e-01   7.7631857e-01
   6.3112027e-01   7.6794107e-01
   6.3112027e-01   7.5824400e-01
   6.3112027e-01   7.7320550e-01
   6.3112027e-01   7.7511151e-01
   6.3112027e-01   7.6373863e-01
   6.3112027e-01   7.6885399e-01
   6.3112027e-01   7.7369872e-01
   6.3112027e-01   7.6812611e-01
   6.3112027e-01   7.6713569e-01
   6.3112027e-01   7.5906966e-01
   6.3112027e-01   7.6568126e-01
   6.3112027e-01   7.5498150e-01
  -5.7067030e-01   7.5129641e-01
  -5.7067030e-01   7.5546740e-01
  -5.7067030e-01   7.6110791e-01
  -5.7067030e-01   7.3817076e-01
  -5.7067030e-01   6.9519963e-01
  -5.7067030e-01   6.0056154e-01
  -5.7067030e-01   4.8729638e-01
  -5.7067030e-01   3.3202586e-01
  -5.7067030e-01   1.4715830e-01
  -5.7067030e-01  -3.8412659e-02
  -5.7067030e-01  -2.7673643e-01
  -5.7067030e-01  -5.0446449e-01
  -5.7067030e-01  -7.3901232e-01
  -5.7067030e-01  -9.7111358e-01
  -5.7067030e-01  -1.2032285e+00
  -5.7067030e-01  -1.4170036e+00
  -5.7067030e-01  -1.5906287e+00
  -5.7067030e-01  -1.7708919e+00
  -5.7067030e-01  -1.9359864e+00
  -5.7067030e-01  -2.0545073e+00
  -5.7067030e-01  -2.1776123e+00
  -5.7067030e-01  -2.2808332e+00
  -5.7067030e-01  -2.3754410e+00
  -5.7067030e-01  -2.4435890e+00
  -5.7067030e-01  -2.5076150e+00
  -5.7067030e-01  -2.5405864e+00
  -5.7067030e-01  -2.5814279e+00
  -5.7067030e-01  -2.6260362e+00
  -5.7067030e-01  -2.6667433e+00
  -5.7067030e-01  -2.6875128e+00
  -5.7067030e-01  -2.6843034e+00
  -5.7067030e-01  -2.7024354e+00
  -5.7067030e-01  -2.7308827e+00
  -5.7067030e-01  -2.7498182e+00
  -5.7067030e-01  -2.7499973e+00
  -5.7067030e-01  -2.7578925e+00
  -5.7067030e-01  -2.7765534e+00
  -5.7067030e-01  -2.7606950e+00
  -5.7067030e-01  -2.7667483e+00
  -5.7067030e-01  -2.7723254e+00
  -5.7067030e-01  -2.7685456e+00
  -5.7067030e-01  -2.7704506e+00
  -5.7067030e-01  -2.7905537e+00
  -5.7067030e-01  -2.7964302e+00
  -5.7067030e-01  -2.7887529e+00
  -5.7067030e-01  -2.7744247e+00
  -5.7067030e-01  -2.7784560e+00
  -5.7067030e-01  -2.7947635e+00
  -5.7067030e-01  -2.7809969e+00
  -5.7067030e-01  -2.7864722e+00
  -7.0795059e-01  -2.7955636e+00
  -7.0795059e-01  -2.7825554e+00
  -7.0795059e-01  -2.7959275e+00
  -7.0795059e-01  -2.8028065e+00
  -7.0795059e-01  -2.8271760e+00
  -7.0795059e-01  -2.8425989e+00
  -7.0795059e-01  -2.8742130e+00
  -7.0795059e-01  -2.8969796e+00
  -7.0795059e-01  -2.9425078e+00
  -7.0795059e-01  -2.9553602e+00
  -7.0795059e-01  -2.9886023e+00
  -7.0795059e-01  -3.0001759e+00
  -7.0795059e-01  -3.0238165e+00
  -7.0795059e-01  -3.0247638e+00
  -7.0795059e-01  -3.0261089e+00
  -7.0795059e-01  -3.0387868e+00
  -7.0795059e-01  -3.0587131e+00
  -7.0795059e-01  -3.0707198e+00
  -7.0795059e-01  -3.0873393e+00
  -7.0795059e-01  -3.0733765e+00
  -7.0795059e-01  -3.0874738e+00
  -7.0795059e-01  -3.0890755e+00
  -7.0795059e-01  -3.0851828e+00
  -7.0795059e-01  -3.1008311e+00
  -7.0795059e-01  -3.0916129e+00
  -7.0795059e-01  -3.0966717e+00
  -7.0795059e-01  -3.1002831e+00
  -7.0795059e-01  -3.0876122e+00
  -7.0795059e-01  -3.0917721e+00
  -7.0795059e-01  -3.1097500e+00
  -7.0795059e-01  -3.0877940e+00
  -7.0795059e-01  -3.1156181e+00
  -7.0795059e-01  -3.1088179e+00
  -7.0795059e-01  -3.1123605e+00
  -7.0795059e-01  -3.1065262e+00
  -7.0795059e-01  -3.1125695e+00
  -7.0795059e-01  -3.1087723e+00
  -7.0795059e-01  -3.1053565e+00
  -7.0795059e-01  -3.1033018e+00
  -7.0795059e-01  -3.1095172e+00
  -7.0795059e-01  -3.1156629e+00
  -7.0795059e-01  -3.1015589e+00
  -7.0795059e-01  -3.0988342e+00
  -7.0795059e-01  -3.0982066e+00
  -7.0795059e-01  -3.1170650e+00
  -7.0795059e-01  -3.1147825e+00
  -7.0795059e-01  -3.0979376e+00
  -7.0795059e-01  -3.1149306e+00
  -7.0795059e-01  -3.1160281e+00
  -7.0795059e-01  -3.1044901e+00
   1.1526325e-02  -3.1071106e+00
   1.1526325e-02  -3.0978626e+00
   1.1526325e-02  -3.1168617e+00
   1.1526325e-02  -2.9466933e+00
   1.1526325e-02  -2.5801962e+00
   1.1526325e-02  -2.1583890e+00
   1.1526325e-02  -1.7689201e+00
   1.1526325e-02  -1.4065100e+00
   1.1526325e-02  -1.1357385e+00
   1.1526325e-02  -8.9476355e-01
   1.1526325e-02  -6.9040102e-01
   1.1526325e-02  -5.6454569e-01
   1.1526325e-02  -4.3183030e-01
   1.1526325e-02  -3.4280479e-01
   1.1526325e-02  -2.5309827e-01
   1.1526325e-02  -2.0685851e-01
   1.1526325e-02  -1.6504028e-01
   1.1526325e-02  -1.0169001e-01
   1.1526325e-02  -7.7793758e-02
   1.1526325e-02  -6.9601886e-02
   1.1526325e-02  -3.6479370e-02
   1.1526325e-02  -2.5892423e-02
   1.1526325e-02   5.4465312e-03
   1.1526325e-02  -4.6920509e-03
   1.1526325e-02   1.9187784e-02
   1.1526325e-02   3.6279958e-02
   1.1526325e-02   4.1103383e-02
   1.1526325e-02   4.5999285e-02
   1.1526325e-02   4.3106185e-02
   1.1526325e-02   3.5741377e-02
   1.1526325e-02   3.1724430e-02
   1.1526325e-02   3.6949320e-02
   1.1526325e-02   6.0499159e-02
   1.1526325e-02   5.6483470e-02
   1.1526325e-02   3.9650857e-02
   1.1526325e-02   6.6724812e-02
   1.1526325e-02   5.3715685e-02
   1.1526325e-02   4.4273613e-02
   1.1526325e-02   5.4081504e-02
   1.1526325e-02   5.2138991e-02
   1.1526325e-02   4.6965051e-02
   1.1526325e-02   5.9852230e-02
   1.1526325e-02   5.6905336e-02
   1.1526325e-02   4.9557690e-02
   1.1526325e-02   6.5590677e-02
   1.1526325e-02   5.7813751e-02
   1.1526325e-02   5.1948816e-02
   1.1526325e-02   4.6595368e-02
   1.1526325e-02   5.6922671e-02
   1.1526325e-02   4.6621707e-02
  -6.9312297e-01   6.9522351e-02
  -6.9312297e-01   5.6945554e-02
  -6.9312297e-01   6.9514907e-02
  -6.9312297e-01   1.2048957e-02
  -6.9312297e-01  -8.4627969e-02
  -6.9312297e-01  -2.2792863e-01
  -6.9312297e-01  -3.9494582e-01
  -6.9312297e-01  -6.2024059e-01
  -6.9312297e-01  -8.2919590e-01
  -6.9312297e-01  -1.0622813e+00
  -6.9312297e-01  -1.2600368e+00
  -6.9312297e-01  -1.4782972e+00
  -6.9312297e-01  -1.6939194e+00
  -6.9312297e-01  -1.8734847e+00
  -6.9312297e-01  -2.0473988e+00
  -6.9312297e-01  -2.1972410e+00
  -6.9312297e-01  -2.3238585e+00
  -6.9312297e-01  -2.4364062e+00
  -6.9312297e-01  -2.5641493e+00
  -6.9312297e-01  -2.6356056e+00
  -6.9312297e-01  -2.6986891e+00
  -6.9312297e-01  -2.7756927e+00
  -6.9312297e-01  -2.8319116e+00
  -6.9312297e-01  -2.8791235e+00
  -6.9312297e-01  -2.9006058e+00
  -6.9312297e-01  -2.9432344e+00
  -6.9312297e-01  -2.9632799e+00
  -6.9312297e-01  -2.9833504e+00
  -6.9312297e-01  -2.9938153e+00
  -6.9312297e-01  -2.9980568e+00
  -6.9312297e-01  -3.0087369e+00
  -6.9312297e-01  -3.0390450e+00
  -6.9312297e-01  -3.0479927e+00
  -6.9312297e-01  -3.0408285e+00
  -6.9312297e-01  -3.0470960e+00
  -6.9312297e-01  -3.0640354e+00
  -6.9312297e-01  -3.0474022e+00
  -6.9312297e-01  -3.0546988e+00
  -6.9312297e-01  -3.0752082e+00
  -6.9312297e-01  -3.0682607e+00
  -6.9312297e-01  -3.0820202e+00
  -6.9312297e-01  -3.0703782e+00
  -6.9312297e-01  -3.0701407e+00
  -6.9312297e-01  -3.0826814e+00
  -6.9312297e-01  -3.0866202e+00
  -6.9312297e-01  -3.0840582e+00
  -6.9312297e-01  -3.0753205e+00
  -6.9312297e-01  -3.0886814e+00
  -6.9312297e-01  -3.0854697e+00
  -6.9312297e-01  -3.0851390e+00
   8.4070905e-01  -3.0783115e+00
   8.4070905e-01  -3.0752803e+00
   8.4070905e-01  -3.0804904e+00
   8.4070905e-01  -2.7571990e+00
   8.4070905e-01  -2.0948575e+00
   8.4070905e-01  -1.4376784e+00
   8.4070905e-01  -8.4705079e-01
   8.4070905e-01  -4.3381799e-01
   8.4070905e-01  -1.0928661e-01
   8.4070905e-01   1.1169938e-01
   8.4070905e-01   2.8580324e-01
   8.4070905e-01   4.1044730e-01
   8.4070905e-01   4.9641109e-01
   8.4070905e-01   5.5660888e-01
   8.4070905e-01   6.0417246e-01
   8.4070905e-01   6.2937019e-01
   8.4070905e-01   6.7819325e-01
   8.4070905e-01   7.0588968e-01
   8.4070905e-01   7.1314877e-01
   8.4070905e-01   7.2563891e-01
   8.4070905e-01   7.2384675e-01
   8.4070905e-01   7.3665006e-01
   8.4070905e-01   7.4637024e-01
   8.4070905e-01   7.4711927e-01
   8.4070905e-01   7.7578436e-01
   8.4070905e-01   7.7758703e-01
   8.4070905e-01   7.6415318e-01
   8.4070905e-01   7.5987085e-01
   8.4070905e-01   7.6944179e-01
   8.4070905e-01   7.6418330e-01
   8.4070905e-01   7.7677233e-01
   8.4070905e-01   7.6709719e-01
   8.4070905e-01   7.6413424e-01
   8.4070905e-01   7.8184256e-01
   8.4070905e-01   7.7545575e-01
   8.4070905e-01   7.8503164e-01
   8.4070905e-01   7.8061323e-01
   8.4070905e-01   7.8410331e-01
   8.4070905e-01   7.7510443e-01
   8.4070905e-01   7.8324188e-01
   8.4070905e-01   7.8079679e-01
   8.4070905e-01   7.8394023e-01
   8.4070905e-01   7.6646498e-01
   8.4070905e-01   7.9528273e-01
   8.4070905e-01   7.7347200e-01
   8.4070905e-01   7.6878729e-01
   8.4070905e-01   7.7538704e-01
   8.4070905e-01   7.8737597e-01
   8.4070905e-01   7.9460724e-01
   8.4070905e-01   7.9198031e-01
  -1.0492180e-02   7.7648161e-01
  -1.0492180e-02   7.9166641e-01
  -1.0492180e-02   7.6834994e-01
  -1.0492180e-02   7.5955460e-01
  -1.0492180e-02   7.3700395e-01
  -1.0492180e-02   7.1844836e-01
  -1.0492180e-02   6.7140163e-01
  -1.0492180e-02   6.0223378e-01
  -1.0492180e-02   5.6415814e-01
  -1.0492180e-02   5.0850859e-01
  -1.0492180e-02   4.3419642e-01
  -1.0492180e-02   3.9313197e-01
  -1.0492180e-02   3.3272822e-01
  -1.0492180e-02   2.7421748e-01
  -1.0492180e-02   2.4343463e-01
  -1.0492180e-02   2.0324956e-01
  -1.0492180e-02   1.8013845e-01
  -1.0492180e-02   1.4014729e-01
  -1.0492180e-02   1.2234947e-01
  -1.0492180e-02   8.8302399e-02
  -1.0492180e-02   7.7090033e-02
  -1.0492180e-02   6.8589205e-02
  -1.0492180e-02   2.6558360e-02
  -1.0492180e-02   2.8098916e-02
  -1.0492180e-02   1.7969397e-02
  -1.0492180e-02   2.0582056e-02
  -1.0492180e-02  -8.8162639e-03
  -1.0492180e-02   2.5957954e-03
  -1.0492180e-02  -1.0922561e-02
  -1.0492180e-02  -8.6947424e-03
  -1.0492180e-02  -4.5292161e-03
  -1.0492180e-02  -9.6660279e-03
  -1.0492180e-02  -2.3247511e-02
  -1.0492180e-02  -2.6173756e-02
  -1.0492180e-02  -8.2153054e-03
  -1.0492180e-02  -1.9657989e-02
  -1.0492180e-02  -6.4405432e-03
  -1.0492180e-02  -1.6695786e-02
  -1.0492180e-02  -3.0466250e-02
  -1.0492180e-02  -3.2676317e-02
  -1.0492180e-02  -2.8456247e-02
  -1.0492180e-02  -1.5623568e-02
  -1.0492180e-02  -2.5013223e-02
  -1.0492180e-02  -2.2018187e-02
  -1.0492180e-02  -2.1392482e-02
  -1.0492180e-02  -3.4169546e-02
  -1.0492180e-02  -2.9240651e-02
  -1.0492180e-02  -3.0806507e-02
  -1.0492180e-02  -1.1639924e-02
  -1.0492180e-02  -3.9572743e-02
   8.6942699e-01  -1.1172200e-02
   8.6942699e-01  -3.5669748e-02
   8.6942699e-01  -2.3620258e-02
   8.6942699e-01   1.0658029e-02
   8.6942699e-01   1.0642744e-01
   8.6942699e-01   2.2883940e-01
   8.6942699e-01   3.2938972e-01
   8.6942699e-01   4.2036718e-01
   8.6942699e-01   4.7636576e-01
   8.6942699e-01   5.3592225e-01
   8.6942699e-01   5.9978990e-01
   8.6942699e-01   6.1824928e-01
   8.6942699e-01   6.7169081e-01
   8.6942699e-01   6.9598508e-01
   8.6942699e-01   7.0244963e-01
   8.6942699e-01   7.2364946e-01
   8.6942699e-01   7.2486042e-01
   8.6942699e-01   7.4383665e-01
   8.6942699e-01   7.3350299e-01
   8.6942699e-01   7.4583650e-01
   8.6942699e-01   7.5815812e-01
   8.6942699e-01   7.6356024e-01
   8.6942699e-01   7.8193770e-01
   8.6942699e-01   7.8519997e-01
   8.6942699e-01   7.6126870e-01
   8.6942699e-01   7.6777621e-01
   8.6942699e-01   7.6353653e-01
   8.6942699e-01   7.7258440e-01
   8.6942699e-01   7.9185986e-01
   8.6942699e-01   7.8134606e-01
   8.6942699e-01   7.6615582e-01
   8.6942699e-01   7.8115337e-01
   8.6942699e-01   7.9400024e-01
   8.6942699e-01   7.9557856e-01
   8.6942699e-01   7.9406791e-01
   8.6942699e-01   7.8975008e-01
   8.6942699e-01   7.7473216e-01
   8.6942699e-01   7.9437645e-01
   8.6942699e-01   7.7641789e-01
   8.6942699e-01   7.9394876e-01
   8.6942699e-01   7.6895778e-01
   8.6942699e-01   7.6948676e-01
   8.6942699e-01   7.9195357e-01
   8.6942699e-01   7.7111279e-01
   8.6942699e-01   7.8113093e-01
   8.6942699e-01   7.7828475e-01
   8.6942699e-01   7.7635627e-01
   8.6942699e-01   7.7890430e-01
   8.6942699e-01   7.8263205e-01
   8.6942699e-01   7.9317105e-01
   1.4375534e-01   7.8660664e-01
   1.4375534e-01   7.9532284e-01
   1.4375534e-01   7.9321181e-01
   1.4375534e-01   7.6629318e-01
   1.4375534e-01   7.5919675e-01
   1.4375534e-01   7.4119616e-01
   1.4375534e-01   7.0785315e-01
   1.4375534e-01   6.9009272e-01
   1.4375534e-01   6.7453438e-01
   1.4375534e-01   6.2460418e-01
   1.4375534e-01   6.1506335e-01
   1.4375534e-01   5.9676020e-01
   1.4375534e-01   5.5198242e-01
   1.4375534e-01   5.4973606e-01
   1.4375534e-01   5.1125085e-01
   1.4375534e-01   5.1789867e-01
   1.4375534e-01   4.8566396e-01
   1.4375534e-01   4.7309849e-01
   1.4375534e-01   4.8184856e-01
   1.4375534e-01   4.5491835e-01
   1.4375534e-01   4.4565775e-01
   1.4375534e-01   4.4223960e-01
   1.4375534e-01   4.4811562e-01
   1.4375534e-01   4.2435193e-01
   1.4375534e-01   4.2481908e-01
   1.4375534e-01   4.2063033e-01
   1.4375534e-01   4.3059952e-01
   1.4375534e-01   4.1445260e-01
   1.4375534e-01   4.3889454e-01
   1.4375534e-01   4.2397336e-01
   1.4375534e-01   4.2726776e-01
   1.4375534e-01   4.1391609e-01
   1.4375534e-01   4.2801867e-01
   1.4375534e-01   4.0724382e-01
   1.4375534e-01   4.0837176e-01
   1.4375534e-01   4.3297812e-01
   1.4375534e-01   4.1170858e-01
   1.4375534e-01   4.1968604e-01
   1.4375534e-01   4.2043947e-01
   1.4375534e-01   4.1011832e-01
   1.4375534e-01   4.2208740e-01
   1.4375534e-01   4.1211402e-01
   1.4375534e-01   4.2384342e-01
   1.4375534e-01   4.1180359e-01
   1.4375534e-01   4.1699176e-01
   1.4375534e-01   4.1898232e-01
   1.4375534e-01   4.0449427e-01
   1.4375534e-01   4.0713393e-01
   1.4375534e-01   4.0649616e-01
   1.4375534e-01   4.1732827e-01
   8.0693817e-01   4.1992179e-01
   8.0693817e-01   4.3308203e-01
   8.0693817e-01   4.1411306e-01
   8.0693817e-01   4.2444203e-01
   8.0693817e-01   4.8287910e-01
   8.0693817e-01   5.1168849e-01
   8.0693817e-01   5.6601286e-01
   8.0693817e-01   5.8548793e-01
   8.0693817e-01   6.1001549e-01
   8.0693817e-01   6.4918933e-01
   8.0693817e-01   6.8808799e-01
   8.0693817e-01   6.7998893e-01
   8.0693817e-01   7.0783504e-01
   8.0693817e-01   7.3191206e-01
   8.0693817e-01   7.2333339e-01
   8.0693817e-01   7.4941145e-01
   8.0693817e-01   7.3466355e-01
   8.0693817e-01   7.4796275e-01
   8.0693817e-01   7.4839168e-01
   8.0693817e-01   7.7639580e-01
   8.0693817e-01   7.6856358e-01
   8.0693817e-01   7.6134409e-01
   8.0693817e-01   7.8279887e-01
   8.0693817e-01   7.7350278e-01
   8.0693817e-01   7.6901436e-01
   8.0693817e-01   7.8078002e-01
   8.0693817e-01   7.8074123e-01
   8.0693817e-01   7.9015714e-01
   8.0693817e-01   7.6378128e-01
   8.0693817e-01   7.8879924e-01
   8.0693817e-01   7.8247751e-01
   8.0693817e-01   7.6788991e-01
   8.0693817e-01   7.7580787e-01
   8.0693817e-01   7.6552876e-01
   8.0693817e-01   7.9013695e-01
   8.0693817e-01   7.6719132e-01
   8.0693817e-01   7.7089686e-01
   8.0693817e-01   7.8568849e-01
   8.0693817e-01   7.8734672e-01
   8.0693817e-01   7.7110248e-01
   8.0693817e-01   7.6930982e-01
   8.0693817e-01   7.6545637e-01
   8.0693817e-01   7.6713817e-01
   8.0693817e-01   7.9124530e-01
   8.0693817e-01   7.7017553e-01
   8.0693817e-01   7.7693148e-01
   8.0693817e-01   7.8794338e-01
   8.0693817e-01   7.9434957e-01
   8.0693817e-01   7.9104480e-01
   8.0693817e-01   7.9256285e-01
   7.4568006e-01   7.8984744e-01
   7.4568006e-01   7.7535998e-01
   7.4568006e-01   7.8401496e-01
   7.4568006e-01   7.8600301e-01
   7.4568006e-01   7.7688686e-01
   7.4568006e-01   7.8223932e-01
   7.4568006e-01   7.9286921e-01
   7.4568006e-01   7.7314881e-01
   7.4568006e-01   7.9059417e-01
   7.4568006e-01   7.9225805e-01
   7.4568006e-01   7.7994194e-01
   7.4568006e-01   7.8951696e-01
   7.4568006e-01   7.8414278e-01
   7.4568006e-01   7.8319490e-01
   7.4568006e-01   7.6485628e-01
   7.4568006e-01   7.8370565e-01
   7.4568006e-01   7.6656390e-01
   7.4568006e-01   7.8380291e-01
   7.4568006e-01   7.6280052e-01
   7.4568006e-01   7.8721642e-01
   7.4568006e-01   7.6648340e-01
   7.4568006e-01   7.8657154e-01
   7.4568006e-01   7.8765179e-01
   7.4568006e-01   7.6382539e-01
   7.4568006e-01   7.6419923e-01
   7.4568006e-01   7.8995455e-01
   7.4568006e-01   7.9020885e-01
   7.4568006e-01   7.6355547e-01
   7.4568006e-01   7.7973414e-01
   7.4568006e-01   7.7172207e-01
   7.4568006e-01   7.6240379e-01
   7.4568006e-01   7.8618065e-01
   7.4568006e-01   7.8052907e-01
   7.4568006e-01   7.6243320e-01
   7.4568006e-01   7.7421225e-01
   7.4568006e-01   7.7281358e-01
   7.4568006e-01   7.9015673e-01
   7.4568006e-01   7.9044130e-01
   7.4568006e-01   7.6740118e-01
   7.4568006e-01   7.8349389e-01
   7.4568006e-01   7.8048240e-01
   7.4568006e-01   7.7362904e-01
   7.4568006e-01   7.7787174e-01
   7.4568006e-01   7.7290375e-01
   7.4568006e-01   7.6177420e-01
   7.4568006e-01   7.8324311e-01
   7.4568006e-01   7.8446708e-01
   7.4568006e-01   7.8864973e-01
   7.4568006e-01   7.7622848e-01
   7.4568006e-01   7.6259354e-01
  -1.9349062e-01   7.8839546e-01
  -1.9349062e-01   7.6812726e-01
  -1.9349062e-01   7.6455045e-01
  -1.9349062e-01   7.5044562e-01
  -1.9349062e-01   7.2579073e-01
  -1.9349062e-01   6.6228309e-01
  -1.9349062e-01   5.9694047e-01
  -1.9349062e-01   4.8810501e-01
  -1.9349062e-01   3.8357647e-01
  -1.9349062e-01   3.0044672e-01
  -1.9349062e-01   1.5790047e-01
  -1.9349062e-01   4.7965229e-02
  -1.9349062e-01  -7.7014512e-02
  -1.9349062e-01  -1.6095299e-01
  -1.9349062e-01  -2.6450409e-01
  -1.9349062e-01  -3.6591052e-01
  -1.9349062e-01  -4.6298509e-01
  -1.9349062e-01  -5.1826498e-01
  -1.9349062e-01  -6.0552432e-01
  -1.9349062e-01  -6.5033100e-01
  -1.9349062e-01  -7.0305078e-01
  -1.9349062e-01  -7.2390899e-01
  -1.9349062e-01  -7.5944798e-01
  -1.9349062e-01  -7.9328168e-01
  -1.9349062e-01  -8.2935532e-01
  -1.9349062e-01  -8.4841407e-01
  -1.9349062e-01  -8.6409792e-01
  -1.9349062e-01  -8.7811786e-01
  -1.9349062e-01  -9.0122588e-01
  -1.9349062e-01  -9.1040768e-01
  -1.9349062e-01  -9.0331839e-01
  -1.9349062e-01  -9.0576069e-01
  -1.9349062e-01  -9.0783182e-01
  -1.9349062e-01  -9.1829433e-01
  -1.9349062e-01  -9.2817689e-01
  -1.9349062e-01  -9.4529682e-01
  -1.9349062e-01  -9.4779653e-01
  -1.9349062e-01  -9.4783617e-01
  -1.9349062e-01  -9.3291089e-01
  -1.9349062e-01  -9.4713195e-01
  -1.9349062e-01  -9.4391133e-01
  -1.9349062e-01  -9.5296439e-01
  -1.9349062e-01  -9.5119315e-01
  -1.9349062e-01  -9.4779564e-01
  -1.9349062e-01  -9.4102924e-01
  -1.9349062e-01  -9.3051958e-01
  -1.9349062e-01  -9.5637814e-01
  -1.9349062e-01  -9.5167640e-01
  -1.9349062e-01  -9.3080664e-01
  -1.9349062e-01  -9.3439938e-01
   5.4797600e-01  -9.3238197e-01
   5.4797600e-01  -9.4529971e-01
   5.4797600e-01  -9.5420442e-01
   5.4797600e-01  -8.4903494e-01
   5.4797600e-01  -6.0134667e-01
   5.4797600e-01  -3.4312485e-01
   5.4797600e-01  -1.2237220e-01
   5.4797600e-01   6.9855534e-02
   5.4797600e-01   2.2607828e-01
   5.4797600e-01   3.2375173e-01
   5.4797600e-01   4.2309839e-01
   5.4797600e-01   4.9164370e-01
   5.4797600e-01   5.5565684e-01
   5.4797600e-01   5.7914677e-01
   5.4797600e-01   6.0602629e-01
   5.4797600e-01   6.3056480e-01
   5.4797600e-01   6.5620775e-01
   5.4797600e-01   6.6581285e-01
   5.4797600e-01   6.8598557e-01
   5.4797600e-01   7.0454938e-01
   5.4797600e-01   7.0896433e-01
   5.4797600e-01   7.2173487e-01
   5.4797600e-01   7.2360991e-01
   5.4797600e-01   7.3507248e-01
   5.4797600e-01   7.2959236e-01
   5.4797600e-01   7.4220213e-01
   5.4797600e-01   7.3563326e-01
   5.4797600e-01   7.4518675e-01
   5.4797600e-01   7.4827142e-01
   5.4797600e-01   7.5197769e-01
   5.4797600e-01   7.3226483e-01
   5.4797600e-01   7.5001933e-01
   5.4797600e-01   7.2937652e-01
   5.4797600e-01   7.4164018e-01
   5.4797600e-01   7.4709788e-01
   5.4797600e-01   7.3141401e-01
   5.4797600e-01   7.3200736e-01
   5.4797600e-01   7.3830144e-01
   5.4797600e-01   7.4199669e-01
   5.4797600e-01   7.5253563e-01
   5.4797600e-01   7.3738731e-01
   5.4797600e-01   7.4367685e-01
   5.4797600e-01   7.5904820e-01
   5.4797600e-01   7.4164843e-01
   5.4797600e-01   7.5500570e-01
   5.4797600e-01   7.4965731e-01
   5.4797600e-01   7.3373304e-01
   5.4797600e-01   7.6135288e-01
   5.4797600e-01   7.3550893e-01
   5.4797600e-01   7.4247653e-01
   7.8610863e-01   7.6080163e-01
   7.8610863e-01   7.3955842e-01
   7.8610863e-01   7.6075397e-01
   7.8610863e-01   7.5302878e-01
   7.8610863e-01   7.4117945e-01
   7.8610863e-01   7.4245117e-01
   7.8610863e-01   7.7066477e-01
   7.8610863e-01   7.5758329e-01
   7.8610863e-01   7.6878426e-01
   7.8610863e-01   7.5332528e-01
   7.8610863e-01   7.6673469e-01
   7.8610863e-01   7.5627467e-01
   7.8610863e-01   7.6996419e-01
   7.8610863e-01   7.5677646e-01
   7.8610863e-01   7.5892372e-01
   7.8610863e-01   7.8609375e-01
   7.8610863e-01   7.8620043e-01
   7.8610863e-01   7.8339346e-01
   7.8610863e-01   7.7668903e-01
   7.8610863e-01   7.6628110e-01
   7.8610863e-01   7.8384157e-01
   7.8610863e-01   7.6845370e-01
   7.8610863e-01   7.6404863e-01
   7.8610863e-01   7.7200773e-01
   7.8610863e-01   7.8029218e-01
   7.8610863e-01   7.8033707e-01
   7.8610863e-01   7.8794811e-01
   7.8610863e-01   7.7487476e-01
   7.8610863e-01   7.6769185e-01
   7.8610863e-01   7.6446681e-01
   7.8610863e-01   7.6927368e-01
   7.8610863e-01   7.9140801e-01
   7.8610863e-01   7.6453760e-01
   7.8610863e-01   7.8260135e-01
   7.8610863e-01   7.7657405e-01
   7.8610863e-01   7.6911344e-01
   7.8610863e-01   7.8373069e-01
   7.8610863e-01   7.8137929e-01
   7.8610863e-01   7.6555199e-01
   7.8610863e-01   7.8347381e-01
   7.8610863e-01   7.6585658e-01
   7.8610863e-01   7.7028332e-01
   7.8610863e-01   7.8066557e-01
   7.8610863e-01   7.8507073e-01
   7.8610863e-01   7.8093421e-01
   7.8610863e-01   7.9051775e-01
   7.8610863e-01   7.8460147e-01
   7.8610863e-01   7.9269285e-01
   7.8610863e-01   7.7182364e-01
   7.8610863e-01   7.9314003e-01
   5.5938759e-01   7.6943301e-01
   5.5938759e-01   7.6937652e-01
   5.5938759e-01   7.6929128e-01
   5.5938759e-01   7.6638050e-01
   5.5938759e-01   7.7979357e-01
   5.5938759e-01   7.5880938e-01
   5.5938759e-01   7.8033294e-01
   5.5938759e-01   7.7150286e-01
   5.5938759e-01   7.6016306e-01
   5.5938759e-01   7.7553868e-01
   5.5938759e-01   7.7205772e-01
   5.5938759e-01   7.6391888e-01
   5.5938759e-01   7.4565999e-01
   5.5938759e-01   7.7097332e-01
   5.5938759e-01   7.5942050e-01
   5.5938759e-01   7.6668858e-01
   5.5938759e-01   7.4391952e-01
   5.5938759e-01   7.3913896e-01
   5.5938759e-01   7.4670824e-01
   5.5938759e-01   7.6074863e-01
   5.5938759e-01   7.6152691e-01
   5.5938759e-01   7.6316696e-01
   5.5938759e-01   7.4677685e-01
   5.5938759e-01   7.6050826e-01
   5.5938759e-01   7.4042147e-01
   5.5938759e-01   7.5209778e-01
   5.5938759e-01   7.3699772e-01
   5.5938759e-01   7.5696989e-01
   5.5938759e-01   7.4614030e-01
   5.5938759e-01   7.3844271e-01
   5.5938759e-01   7.5509399e-01
   5.5938759e-01   7.4787611e-01
   5.5938759e-01   7.4463348e-01
   5.5938759e-01   7.4597123e-01
   5.5938759e-01   7.5794252e-01
   5.5938759e-01   7.4720894e-01
   5.5938759e-01   7.6137545e-01
   5.5938759e-01   7.3951838e-01
   5.5938759e-01   7.4653474e-01
   5.5938759e-01   7.6098863e-01
   5.5938759e-01   7.5282210e-01
   5.5938759e-01   7.5664605e-01
   5.5938759e-01   7.6010961e-01
   5.5938759e-01   7.5064239e-01
   5.5938759e-01   7.3858341e-01
   5.5938759e-01   7.4457969e-01
   5.5938759e-01   7.4283130e-01
   5.5938759e-01   7.3953769e-01
   5.5938759e-01   7.5303855e-01
   5.5938759e-01   7.4128702e-01
   3.0034743e-01   7.6072585e-01
   3.0034743e-01   7.4852564e-01
   3.0034743e-01   7.5894807e-01
   3.0034743e-01   7.5747397e-01
   3.0034743e-01   7.4515684e-01
   3.0034743e-01   7.4099661e-01
   3.0034743e-01   7.3015378e-01
   3.0034743e-01   7.1362285e-01
   3.0034743e-01   6.9608513e-01
   3.0034743e-01   6.8923301e-01
   3.0034743e-01   6.7733556e-01
   3.0034743e-01   6.7496922e-01
   3.0034743e-01   6.6563860e-01
   3.0034743e-01   6.5749850e-01
   3.0034743e-01   6.4565204e-01
   3.0034743e-01   6.5021389e-01
   3.0034743e-01   6.3817915e-01
   3.0034743e-01   6.4166445e-01
   3.0034743e-01   6.3124523e-01
   3.0034743e-01   6.3722298e-01
   3.0034743e-01   6.3994043e-01
   3.0034743e-01   6.2444774e-01
   3.0034743e-01   6.2858970e-01
   3.0034743e-01   6.3257862e-01
   3.0034743e-01   6.2704900e-01
   3.0034743e-01   6.3500936e-01
   3.0034743e-01   6.4182699e-01
   3.0034743e-01   6.4045400e-01
   3.0034743e-01   6.2281271e-01
   3.0034743e-01   6.2216788e-01
   3.0034743e-01   6.3266420e-01
   3.0034743e-01   6.2668815e-01
   3.0034743e-01   6.1689836e-01
   3.0034743e-01   6.2228302e-01
   3.0034743e-01   6.4413849e-01
   3.0034743e-01   6.4419894e-01
   3.0034743e-01   6.2571216e-01
   3.0034743e-01   6.1619009e-01
   3.0034743e-01   6.3887418e-01
   3.0034743e-01   6.2324937e-01
   3.0034743e-01   6.1634464e-01
   3.0034743e-01   6.2209322e-01
   3.0034743e-01   6.1929865e-01
   3.0034743e-01   6.4200687e-01
   3.0034743e-01   6.2053874e-01
   3.0034743e-01   6.3715668e-01
   3.0034743e-01   6.1890918e-01
   3.0034743e-01   6.1694482e-01
   3.0034743e-01   6.2579069e-01
   3.0034743e-01   6.3294368e-01
   6.4425031e-02   6.3057517e-01
   6.4425031e-02   6.3987222e-01
   6.4425031e-02   6.2771828e-01
   6.4425031e-02   6.2520022e-01
   6.4425031e-02   5.8956235e-01
   6.4425031e-02   5.8419152e-01
   6.4425031e-02   5.5284672e-01
   6.4425031e-02   5.2473643e-01
   6.4425031e-02   4.7171216e-01
   6.4425031e-02   4.5162947e-01
   6.4425031e-02   4.2836400e-01
   6.4425031e-02   3.8224628e-01
   6.4425031e-02   3.8335943e-01
   6.4425031e-02   3.6092692e-01
   6.4425031e-02   3.3278619e-01
   6.4425031e-02   3.1134078e-01
   6.4425031e-02   3.0867690e-01
   6.4425031e-02   3.0139708e-01
   6.4425031e-02   2.7926882e-01
   6.4425031e-02   2.8231745e-01
   6.4425031e-02   2.5290333e-01
   6.4425031e-02   2.5229099e-01
   6.4425031e-02   2.5880968e-01
   6.4425031e-02   2.4383518e-01
   6.4425031e-02   2.4519244e-01
   6.4425031e-02   2.4625031e-01
   6.4425031e-02   2.4187440e-01
   6.4425031e-02   2.3505391e-01
   6.4425031e-02   2.2478297e-01
   6.4425031e-02   2.3155511e-01
   6.4425031e-02   2.2489335e-01
   6.4425031e-02   2.4156391e-01
   6.4425031e-02   2.4013697e-01
   6.4425031e-02   2.2228158e-01
   6.4425031e-02   2.3280281e-01
   6.4425031e-02   2.3469326e-01
   6.4425031e-02   2.2738826e-01
   6.4425031e-02   2.1684929e-01
   6.4425031e-02   2.3581576e-01
   6.4425031e-02   2.1641376e-01
   6.4425031e-02   2.3413664e-01
   6.4425031e-02   2.1598376e-01
   6.4425031e-02   2.3120055e-01
   6.4425031e-02   2.2170098e-01
   6.4425031e-02   2.2543847e-01
   6.4425031e-02   2.4283447e-01
   6.4425031e-02   2.4171921e-01
   6.4425031e-02   2.3049795e-01
   6.4425031e-02   2.3380337e-01
   6.4425031e-02   2.3726323e-01
   5.9651355e-01   2.3466579e-01
   5.9651355e-01   2.1698364e-01
   5.9651355e-01   2.2679432e-01
   5.9651355e-01   2.6223936e-01
   5.9651355e-01   3.1409220e-01
   5.9651355e-01   3.6321239e-01
   5.9651355e-01   4.4496904e-01
   5.9651355e-01   4.9387004e-01
   5.9651355e-01   5.3226488e-01
   5.9651355e-01   5.6557082e-01
   5.9651355e-01   6.1911504e-01
   5.9651355e-01   6.3681833e-01
   5.9651355e-01   6.7490377e-01
   5.9651355e-01   6.7140222e-01
   5.9651355e-01   6.7997360e-01
   5.9651355e-01   6.9710171e-01
   5.9651355e-01   7.1136306e-01
   5.9651355e-01   7.0815760e-01
   5.9651355e-01   7.2505522e-01
   5.9651355e-01   7.2591638e-01
   5.9651355e-01   7.5257812e-01
   5.9651355e-01   7.3149613e-01
   5.9651355e-01   7.5453199e-01
   5.9651355e-01   7.3657356e-01
   5.9651355e-01   7.5083075e-01
   5.9651355e-01   7.5478952e-01
   5.9651355e-01   7.5234805e-01
   5.9651355e-01   7.6574757e-01
   5.9651355e-01   7.5118043e-01
   5.9651355e-01   7.5844927e-01
   5.9651355e-01   7.6560249e-01
   5.9651355e-01   7.4700040e-01
   5.9651355e-01   7.5663023e-01
   5.9651355e-01   7.7021634e-01
   5.9651355e-01   7.6379283e-01
   5.9651355e-01   7.6236192e-01
   5.9651355e-01   7.5309062e-01
   5.9651355e-01   7.6702423e-01
   5.9651355e-01   7.6681087e-01
   5.9651355e-01   7.5484203e-01
   5.9651355e-01   7.5890062e-01
   5.9651355e-01   7.6222330e-01
   5.9651355e-01   7.6556515e-01
   5.9651355e-01   7.5530965e-01
   5.9651355e-01   7.5193000e-01
   5.9651355e-01   7.4620546e-01
   5.9651355e-01   7.6368293e-01
   5.9651355e-01   7.6446586e-01
   5.9651355e-01   7.4784717e-01
   5.9651355e-01   7.6779854e-01
  -2.8081345e-01   7.4698013e-01
  -2.8081345e-01   7.6691017e-01
  -2.8081345e-01   7.4597703e-01
  -2.8081345e-01   7.4452157e-01
  -2.8081345e-01   6.9632267e-01
  -2.8081345e-01   6.1659950e-01
  -2.8081345e-01   5.4403902e-01
  -2.8081345e-01   4.3566714e-01
  -2.8081345e-01   3.1248944e-01
  -2.8081345e-01   1.6077169e-01
  -2.8081345e-01   1.3728813e-02
  -2.8081345e-01  -1.3299440e-01
  -2.8081345e-01  -2.7453212e-01
  -2.8081345e-01  -4.3368007e-01
  -2.8081345e-01  -5.5938142e-01
  -2.8081345e-01  -6.8574291e-01
  -2.8081345e-01  -8.0990301e-01
  -2.8081345e-01  -8.9418320e-01
  -2.8081345e-01  -9.7650132e-01
  -2.8081345e-01  -1.0637731e+00
  -2.8081345e-01  -1.1146015e+00
  -2.8081345e-01  -1.1822798e+00
  -2.8081345e-01  -1.2195063e+00
  -2.8081345e-01  -1.2630282e+00
  -2.8081345e-01  -1.3068332e+00
  -2.8081345e-01  -1.3379142e+00
  -2.8081345e-01  -1.3584887e+00
  -2.8081345e-01  -1.3793672e+00
  -2.8081345e-01  -1.4043107e+00
  -2.8081345e-01  -1.4183228e+00
  -2.8081345e-01  -1.4179084e+00
  -2.8081345e-01  -1.4333083e+00
  -2.8081345e-01  -1.4208814e+00
  -2.8081345e-01  -1.4235946e+00
  -2.8081345e-01  -1.4489225e+00
  -2.8081345e-01  -1.4402007e+00
  -2.8081345e-01  -1.4540811e+00
  -2.8081345e-01  -1.4419680e+00
  -2.8081345e-01  -1.4568635e+00
  -2.8081345e-01  -1.4438430e+00
  -2.8081345e-01  -1.4538062e+00
  -2.8081345e-01  -1.4716288e+00
  -2.8081345e-01  -1.4720579e+00
  -2.8081345e-01  -1.4644118e+00
  -2.8081345e-01  -1.4601716e+00
  -2.8081345e-01  -1.4623385e+00
  -2.8081345e-01  -1.4525716e+00
  -2.8081345e-01  -1.4786795e+00
  -2.8081345e-01  -1.4755366e+00
  -2.8081345e-01  -1.4697658e+00
   3.3860329e-02  -1.4541159e+00
   3.3860329e-02  -1.4796655e+00
   3.3860329e-02  -1.4639258e+00
   3.3860329e-02  -1.4092383e+00
   3.3860329e-02  -1.2332004e+00
   3.3860329e-02  -1.0446480e+00
   3.3860329e-02  -8.6754426e-01
   3.3860329e-02  -6.8478629e-01
   3.3860329e-02  -5.3809838e-01
   3.3860329e-02  -4.2098104e-01
   3.3860329e-02  -3.0965701e-01
   3.3860329e-02  -2.4896396e-01
   3.3860329e-02  -1.7329586e-01
   3.3860329e-02  -1.1349208e-01
   3.3860329e-02  -7.3010086e-02
   3.3860329e-02  -4.2549415e-02
   3.3860329e-02  -1.2771951e-02
   3.3860329e-02   3.1484966e-02
   3.3860329e-02   3.6295987e-02
   3.3860329e-02   6.4561133e-02
   3.3860329e-02   8.3463650e-02
   3.3860329e-02   7.7798612e-02
   3.3860329e-02   8.3643768e-02
   3.3860329e-02   1.0261498e-01
   3.3860329e-02   1.1548882e-01
   3.3860329e-02   1.0697696e-01
   3.3860329e-02   1.2561985e-01
   3.3860329e-02   1.3322612e-01
   3.3860329e-02   1.2616865e-01
   3.3860329e-02   1.3561279e-01
   3.3860329e-02   1.1338212e-01
   3.3860329e-02   1.2350469e-01
   3.3860329e-02   1.3934726e-01
   3.3860329e-02   1.3627828e-01
   3.3860329e-02   1.1815206e-01
   3.3860329e-02   1.2285465e-01
   3.3860329e-02   1.2640269e-01
   3.3860329e-02   1.3570658e-01
   3.3860329e-02   1.3970826e-01
   3.3860329e-02   1.3206759e-01
   3.3860329e-02   1.1865406e-01
   3.3860329e-02   1.4422354e-01
   3.3860329e-02   1.4615554e-01
   3.3860329e-02   1.2918501e-01
   3.3860329e-02   1.4276433e-01
   3.3860329e-02   1.3422082e-01
   3.3860329e-02   1.3293195e-01
   3.3860329e-02   1.4672395e-01
   3.3860329e-02   1.1899151e-01
   3.3860329e-02   1.3132927e-01
  -1.0473440e-02   1.2589489e-01
  -1.0473440e-02   1.3289936e-01
  -1.0473440e-02   1.3292576e-01
  -1.0473440e-02   1.2057716e-01
  -1.0473440e-02   1.2231279e-01
  -1.0473440e-02   1.0395277e-01
  -1.0473440e-02   1.0632011e-01
  -1.0473440e-02   9.2226318e-02
  -1.0473440e-02   6.2104449e-02
  -1.0473440e-02   6.0785459e-02
  -1.0473440e-02   4.5481057e-02
  -1.0473440e-02   2.7910366e-02
  -1.0473440e-02   1.5829400e-02
  -1.0473440e-02   2.8004083e-02
  -1.0473440e-02  -5.4438853e-04
  -1.0473440e-02   1.1894389e-02
  -1.0473440e-02   6.1052160e-03
  -1.0473440e-02  -1.4255491e-02
  -1.0473440e-02  -1.2654106e-02
  -1.0473440e-02  -1.3223526e-02
  -1.0473440e-02  -1.3961154e-02
  -1.0473440e-02  -1.2890297e-02
  -1.0473440e-02  -2.2004855e-02
  -1.0473440e-02  -1.5884406e-02
  -1.0473440e-02  -2.1799400e-02
  -1.0473440e-02  -7.3344070e-03
  -1.0473440e-02  -1.5823128e-02
  -1.0473440e-02  -2.1577033e-02
  -1.0473440e-02  -2.0823260e-02
  -1.0473440e-02  -3.4867511e-02
  -1.0473440e-02  -3.0211335e-02
  -1.0473440e-02  -1.7584802e-02
  -1.0473440e-02  -9.4517242e-03
  -1.0473440e-02  -3.0094047e-02
  -1.0473440e-02  -9.6142458e-03
  -1.0473440e-02  -2.8898662e-02
  -1.0473440e-02  -2.5955604e-02
  -1.0473440e-02  -1.0424099e-02
  -1.0473440e-02  -1.4944153e-02
  -1.0473440e-02  -2.3967766e-02
  -1.0473440e-02  -1.0353699e-02
  -1.0473440e-02  -1.0267472e-02
  -1.0473440e-02  -3.5207778e-02
  -1.0473440e-02  -1.6317161e-02
  -1.0473440e-02  -3.1814562e-02
  -1.0473440e-02  -3.0866891e-02
  -1.0473440e-02  -2.7015939e-02
  -1.0473440e-02  -2.5683813e-02
  -1.0473440e-02  -3.5942148e-02
  -1.0473440e-02  -1.7095141e-02
   2.2621470e-01  -3.9031749e-02
   2.2621470e-01  -1.1195477e-02
   2.2621470e-01  -3.2017726e-02
   2.2621470e-01   4.3877531e-03
   2.2621470e-01   5.2216444e-02
   2.2621470e-01   1.2565824e-01
   2.2621470e-01   1.7118885e-01
   2.2621470e-01   2.2546246e-01
   2.2621470e-01   2.8209181e-01
   2.2621470e-01   3.4188345e-01
   2.2621470e-01   3.8341688e-01
   2.2621470e-01   3.9505655e-01
   2.2621470e-01   4.3346743e-01
   2.2621470e-01   4.3914319e-01
   2.2621470e-01   4.7993107e-01
   2.2621470e-01   4.7228199e-01
   2.2621470e-01   4.8674607e-01
   2.2621470e-01   5.1075354e-01
   2.2621470e-01   5.1336149e-01
   2.2621470e-01   5.1409435e-01
   2.2621470e-01   5.3956123e-01
   2.2621470e-01   5.3254785e-01
   2.2621470e-01   5.2419858e-01
   2.2621470e-01   5.3505351e-01
   2.2621470e-01   5.4607689e-01
   2.2621470e-01   5.4059362e-01
   2.2621470e-01   5.3170628e-01
   2.2621470e-01   5.3510253e-01
   2.2621470e-01   5.3850334e-01
   2.2621470e-01   5.4832809e-01
   2.2621470e-01   5.5174692e-01
   2.2621470e-01   5.4759122e-01
   2.2621470e-01   5.4017584e-01
   2.2621470e-01   5.4452989e-01
   2.2621470e-01   5.6069041e-01
   2.2621470e-01   5.4211086e-01
   2.2621470e-01   5.5488241e-01
   2.2621470e-01   5.4678929e-01
   2.2621470e-01   5.6417911e-01
   2.2621470e-01   5.3578578e-01
   2.2621470e-01   5.4509807e-01
   2.2621470e-01   5.5848126e-01
   2.2621470e-01   5.3663866e-01
   2.2621470e-01   5.4740424e-01
   2.2621470e-01   5.6451526e-01
   2.2621470e-01   5.5619400e-01
   2.2621470e-01   5.3929708e-01
   2.2621470e-01   5.3878946e-01
   2.2621470e-01   5.6428062e-01
   2.2621470e-01   5.6368851e-01
  -5.8727491e-01   5.4113445e-01
  -5.8727491e-01   5.6204893e-01
  -5.8727491e-01   5.5851543e-01
  -5.8727491e-01   5.1972506e-01
  -5.8727491e-01   4.4085132e-01
  -5.8727491e-01   3.2530150e-01
  -5.8727491e-01   1.8064737e-01
  -5.8727491e-01   1.3898515e-02
  -5.8727491e-01  -2.0200276e-01
  -5.8727491e-01  -4.0252452e-01
  -5.8727491e-01  -6.3225284e-01
  -5.8727491e-01  -8.6241545e-01
  -5.8727491e-01  -1.0836587e+00
  -5.8727491e-01  -1.3230008e+00
  -5.8727491e-01  -1.4976989e+00
  -5.8727491e-01  -1.6965042e+00
  -5.8727491e-01  -1.8631848e+00
  -5.8727491e-01  -2.0195829e+00
  -5.8727491e-01  -2.1335377e+00
  -5.8727491e-01  -2.2386750e+00
  -5.8727491e-01  -2.3582707e+00
  -5.8727491e-01  -2.4328349e+00
  -5.8727491e-01  -2.4880273e+00
  -5.8727491e-01  -2.5681765e+00
  -5.8727491e-01  -2.6006841e+00
  -5.8727491e-01  -2.6521485e+00
  -5.8727491e-01  -2.6766100e+00
  -5.8727491e-01  -2.7166812e+00
  -5.8727491e-01  -2.7335686e+00
  -5.8727491e-01  -2.7527176e+00
  -5.8727491e-01  -2.7672907e+00
  -5.8727491e-01  -2.7633105e+00
  -5.8727491e-01  -2.7992608e+00
  -5.8727491e-01  -2.8040287e+00
  -5.8727491e-01  -2.7992833e+00
  -5.8727491e-01  -2.8148622e+00
  -5.8727491e-01  -2.8028245e+00
  -5.8727491e-01  -2.8233391e+00
  -5.8727491e-01  -2.8089311e+00
  -5.8727491e-01  -2.8349851e+00
  -5.8727491e-01  -2.8287986e+00
  -5.8727491e-01  -2.8288417e+00
  -5.8727491e-01  -2.8289519e+00
  -5.8727491e-01  -2.8354217e+00
  -5.8727491e-01  -2.8322446e+00
  -5.8727491e-01  -2.8421029e+00
  -5.8727491e-01  -2.8423130e+00
  -5.8727491e-01  -2.8481982e+00
  -5.8727491e-01  -2.8346940e+00
  -5.8727491e-01  -2.8366293e+00
  -1.6000836e-01  -2.8225629e+00
  -1.6000836e-01  -2.8282654e+00
  -1.6000836e-01  -2.8312409e+00
  -1.6000836e-01  -2.7606583e+00
  -1.6000836e-01  -2.5727625e+00
  -1.6000836e-01  -2.3283361e+00
  -1.6000836e-01  -2.1102008e+00
  -1.6000836e-01  -1.9001764e+00
  -1.6000836e-01  -1.7035741e+00
  -1.6000836e-01  -1.5352228e+00
  -1.6000836e-01  -1.4093907e+00
  -1.6000836e-01  -1.2982823e+00
  -1.6000836e-01  -1.1813489e+00
  -1.6000836e-01  -1.1156042e+00
  -1.6000836e-01  -1.0649761e+00
  -1.6000836e-01  -1.0047628e+00
  -1.6000836e-01  -9.6732306e-01
  -1.6000836e-01  -9.2524264e-01
  -1.6000836e-01  -8.9072109e-01
  -1.6000836e-01  -8.7496825e-01
  -1.6000836e-01  -8.3129156e-01
  -1.6000836e-01  -8.2919458e-01
  -1.6000836e-01  -8.0384446e-01
  -1.6000836e-01  -7.9391655e-01
  -1.6000836e-01  -8.0607230e-01
  -1.6000836e-01  -7.9941225e-01
  -1.6000836e-01  -7.7915376e-01
  -1.6000836e-01  -7.9009725e-01
  -1.6000836e-01  -7.6322380e-01
  -1.6000836e-01  -7.7366486e-01
  -1.6000836e-01  -7.5920522e-01
  -1.6000836e-01  -7.7273391e-01
  -1.6000836e-01  -7.6705087e-01
  -1.6000836e-01  -7.5576869e-01
  -1.6000836e-01  -7.6708299e-01
  -1.6000836e-01  -7.6665888e-01
  -1.6000836e-01  -7.6146057e-01
  -1.6000836e-01  -7.7106572e-01
  -1.6000836e-01  -7.4962706e-01
  -1.6000836e-01  -7.6687488e-01
  -1.6000836e-01  -7.6289242e-01
  -1.6000836e-01  -7.6773765e-01
  -1.6000836e-01  -7.5597466e-01
  -1.6000836e-01  -7.6094489e-01
  -1.6000836e-01  -7.5350799e-01
  -1.6000836e-01  -7.4857433e-01
  -1.6000836e-01  -7.6286462e-01
  -1.6000836e-01  -7.5864528e-01
  -1.6000836e-01  -7.5162061e-01
  -1.6000836e-01  -7.6122620e-01
   6.7540280e-01  -7.4096164e-01
   6.7540280e-01  -7.6720251e-01
   6.7540280e-01  -7.6384311e-01
   6.7540280e-01  -6.6463538e-01
   6.7540280e-01  -4.4786842e-01
   6.7540280e-01  -2.3796477e-01
   6.7540280e-01  -7.7611546e-03
   6.7540280e-01   1.6355074e-01
   6.7540280e-01   2.9105931e-01
   6.7540280e-01   3.8811427e-01
   6.7540280e-01   4.6583463e-01
   6.7540280e-01   5.3015226e-01
   6.7540280e-01   5.9449039e-01
   6.7540280e-01   6.2157943e-01
   6.7540280e-01   6.6293398e-01
   6.7540280e-01   6.7326702e-01
   6.7540280e-01   6.8298999e-01
   6.7540280e-01   6.9421056e-01
   6.7540280e-01   7.2327505e-01
   6.7540280e-01   7.2136736e-01
   6.7540280e-01   7.3919835e-01
   6.7540280e-01   7.5428896e-01
   6.7540280e-01   7.3189948e-01
   6.7540280e-01   7.3708536e-01
   6.7540280e-01   7.4881700e-01
   6.7540280e-01   7.5072054e-01
   6.7540280e-01   7.5530394e-01
   6.7540280e-01   7.5883234e-01
   6.7540280e-01   7.5930147e-01
   6.7540280e-01   7.5104967e-01
   6.7540280e-01   7.5916297e-01
   6.7540280e-01   7.5358826e-01
   6.7540280e-01   7.5687732e-01
   6.7540280e-01   7.6901607e-01
   6.7540280e-01   7.5310746e-01
   6.7540280e-01   7.6066847e-01
   6.7540280e-01   7.7022761e-01
   6.7540280e-01   7.6052345e-01
   6.7540280e-01   7.6834920e-01
   6.7540280e-01   7.6617514e-01
   6.7540280e-01   7.7153999e-01
   6.7540280e-01   7.7846395e-01
   6.7540280e-01   7.6169529e-01
   6.7540280e-01   7.7978802e-01
   6.7540280e-01   7.7275367e-01
   6.7540280e-01   7.6573794e-01
   6.7540280e-01   7.7743509e-01
   6.7540280e-01   7.6649257e-01
   6.7540280e-01   7.7361586e-01
   6.7540280e-01   7.7974576e-01
  -4.0150469e-01   7.6322210e-01
  -4.0150469e-01   7.6769358e-01
  -4.0150469e-01   7.6562364e-01
  -4.0150469e-01   7.3888509e-01
  -4.0150469e-01   6.8984681e-01
  -4.0150469e-01   6.1372284e-01
  -4.0150469e-01   5.3370629e-01
  -4.0150469e-01   4.0510901e-01
  -4.0150469e-01   2.3548689e-01
  -4.0150469e-01   7.9388966e-02
  -4.0150469e-01  -1.0516830e-01
  -4.0150469e-01  -3.0418710e-01
  -4.0150469e-01  -5.1441986e-01
  -4.0150469e-01  -6.9056909e-01
  -4.0150469e-01  -8.8348595e-01
  -4.0150469e-01  -1.0331086e+00
  -4.0150469e-01  -1.1837965e+00
  -4.0150469e-01  -1.3185599e+00
  -4.0150469e-01  -1.4468197e+00
  -4.0150469e-01  -1.5671596e+00
  -4.0150469e-01  -1.6409132e+00
  -4.0150469e-01  -1.7367874e+00
  -4.0150469e-01  -1.8061484e+00
  -4.0150469e-01  -1.8612012e+00
  -4.0150469e-01  -1.9052115e+00
  -4.0150469e-01  -1.9347250e+00
  -4.0150469e-01  -1.9608728e+00
  -4.0150469e-01  -2.0049692e+00
  -4.0150469e-01  -2.0185200e+00
  -4.0150469e-01  -2.0276030e+00
  -4.0150469e-01  -2.0557277e+00
  -4.0150469e-01  -2.0811454e+00
  -4.0150469e-01  -2.0766833e+00
  -4.0150469e-01  -2.0740222e+00
  -4.0150469e-01  -2.0967039e+00
  -4.0150469e-01  -2.1043182e+00
  -4.0150469e-01  -2.1051118e+00
  -4.0150469e-01  -2.1073831e+00
  -4.0150469e-01  -2.1244195e+00
  -4.0150469e-01  -2.1148362e+00
  -4.0150469e-01  -2.1245091e+00
  -4.0150469e-01  -2.1140374e+00
  -4.0150469e-01  -2.1191555e+00
  -4.0150469e-01  -2.1191585e+00
  -4.0150469e-01  -2.1133785e+00
  -4.0150469e-01  -2.1222086e+00
  -4.0150469e-01  -2.1300338e+00
  -4.0150469e-01  -2.1360071e+00
  -4.0150469e-01  -2.1371504e+00
  -4.0150469e-01  -2.1287195e+00
